1.227554
0.339577
-1.035522
-0.867329
0.236098
-1.065121
-1.857991
-0.300827
0.767963
-1.767405
1.970536
0.519579
-0.058213
4.396317
-0.678830
-2.556221
-1.379000
1.897318
0.016735
0.929437
1.807047
-0.241203
1.503253
4.486424
0.649664
1.124645
1.325801
0.699050
1.246664
-2.097770
-0.366332
-0.546957
-0.546130
-0.962329
0.811505
1.292900
-0.877056
0.675441
-1.429092
2.713613
1.245831
-0.365326
1.125272
0.532064
-0.201789
1.688932
2.765992
2.801692
-1.353067
1.005672
-0.584906
-1.156869
1.188225
-1.283719
-0.488918
2.518101
-3.515528
2.939575
-0.188988
0.212331
1.597156
-0.395846
1.208705
-0.281899
0.145717
1.507215
0.519342
0.813069
-0.226565
2.186285
2.011180
-0.136987
1.231773
1.041167
0.175942
-0.244406
0.807471
0.291453
0.552780
4.094023
0.983877
-1.331690
0.418699
2.388672
0.777471
-1.715752
-1.199403
1.068152
0.333025
2.366096
3.538383
-1.361900
0.251412
-0.636754
1.315880
-1.039920
-0.279875
1.446237
0.798375
-0.371594