-0.152126
0.070134
-1.264878
-0.059399
1.268645
0.478610
1.108342
-1.441712
0.546695
-0.776419
1.448111
0.848055
1.144005
0.897452
-1.065083
3.657888
1.480327
0.165162
-1.172101
1.061027
0.620553
1.029263
2.616365
-0.558460
1.902056
-0.537463
0.508384
1.192268
1.289081
-0.616351
-1.777108
0.939795
0.036813
2.857978
2.266832
2.846654
0.508997
1.060133
0.064009
0.917302
-0.301633
0.713950
0.687430
-0.294163
1.149692
1.568704
3.403153
2.322947
0.890517
0.244437
-1.854572
0.459239
0.361933
1.277679
1.337209
0.095988
3.904613
1.834924
1.368086
2.106317
-0.349178
0.888511
0.192014
0.918298
1.057296
-3.385208
-0.314143
1.965250
1.764306
0.311044
0.411911
-1.163697
2.518641
2.311110
0.060605
1.840704
0.329653
-1.077956
-1.742230
0.518013
-1.460170
1.842623
0.157703
2.657883
2.742843
0.874133
1.345637
3.237438
1.416080
0.512644
-1.222007
1.046091
0.175093
0.619429
-0.125624
-0.904062
1.346847
-2.085129
-2.967706
0.582192
3.954914
-1.555351
-2.451494
-0.930620
-0.087818
0.914174
1.044138
1.439081
-0.290398
-0.747409
0.814598
0.923600
-2.656288
1.100830
-0.465631
0.306327
0.989810
-0.682579
3.807997
1.447009
0.580485
0.062352
2.691627
-0.336897
-0.468438
0.081795
1.960407
4.951590
3.209524
0.581519
-1.017821
-0.492908
-0.363099
1.186876
-1.988903
1.322334
1.343573
-4.023262
0.854102
-0.772597
1.410840
0.268676
0.599385
2.618058
-1.442174
0.049762
0.023064
-0.264017
-0.527552
0.871913
0.502539
0.617968
-1.259353
-0.288620
0.464994
1.914996
0.342630
1.084795
-0.351454
1.121718
1.953628
0.483941
-0.132361
1.584073
0.448569
-0.812811
0.250049
0.804289
-1.482302
1.276519
0.782941
-1.489731
0.897171
1.156452
2.897464
-0.712048
-1.000054
-0.578209
0.133091
1.374174
-1.829397
3.545741
-2.004326
1.318787
1.528513
-1.040729
-0.878669
0.678828
0.413516
0.469379
0.148920
-0.109346
-1.961473
1.642142
2.038308
0.768891
-1.628236
-1.065103
2.232051
-0.780548
1.316799
1.696689
0.287220
-0.249370
2.045486
1.271560
0.084604
-2.753423
-2.080852
1.423144
2.505883
1.829882
-0.119046
0.535091
3.055713
-1.449309
2.057854
-0.301748
-1.355754
-0.532196
-0.468347
0.338729
2.898896
0.222553
3.040575
0.428168
2.538438
-1.547204
-0.553603
0.432145
2.169193
1.817602
-0.819176
-0.450661
1.076392
0.784487
-0.594369
-3.225571
-0.387842
-3.337508
-0.575360
3.847448
-0.105458
3.502338
-0.957573
-2.722694
0.683363
1.134480
-0.963267
-1.636074
2.626698
0.321493
2.638907
2.298507
-1.125038
-0.963684
2.758996
-0.916205
1.051530
1.672430
-2.481035
-0.605091
1.345741
-1.242106
1.939826
1.036146
-0.293959
-0.111437
2.870136
0.534841
-1.374320
0.661400
3.443635
-0.515847
1.919472
2.280766
-2.444949
0.859741
1.174247
-1.216518
1.075660
1.261609
0.694713
0.302646
-2.300027
-1.394553
1.761261
2.166668
1.492748
0.456482
-0.605383
0.118467
-0.977885
-0.146824
1.513029
-1.492890
1.768773
0.020713
0.299183
0.484839
0.932793
2.676654
-2.117071
2.007177
-2.093079
0.966153
0.888177
0.746444
-0.170056
-0.539069
2.469432
-0.423257
-0.212061
1.464404
2.104732
1.087364
-0.545566
-2.484240
-0.148782
-2.415559
0.453626
1.375075
-0.100922
0.656740
1.060489
1.920930
0.502616
4.264502
1.891840
2.414813
1.933858
0.162365
-0.932091
0.690295
2.030955
1.008919
0.600306
0.693788
0.784056
-0.614162
2.551524
1.135676
0.237709
3.676385
0.402890
0.154558
0.489760
0.408462
1.424323
0.113436
1.558244
2.179317
0.804971
-2.706819
-1.688195
3.671472
-1.138261
0.095254
-0.815703
-1.922582
0.179531
0.810058
1.682729
1.038307
-0.513517
-0.049676
2.945634
-0.620261
1.651367
3.056788
2.216823
-0.113394
-3.642732
-0.690002
0.228280
-0.934840
-0.064498
0.895236
0.940363
-2.080837
3.385522
-0.459939
1.672657
-2.114193
2.628112
1.141765
2.548511
1.212212
1.405947
-2.515914
1.419298
4.011576
1.203448
2.498870
2.844974
-0.108325
-0.523887
2.353161
-1.751313
0.720569
-1.534844
1.033772
1.073168
1.563733
1.685661
-0.777430
1.135852
1.035340
3.069872
3.534664
0.174051
-2.496422
1.034647
1.379155
0.816101
1.862793
1.505885
1.433890
2.166917
-0.233017
-0.144772
0.819370
-0.920815
1.102549
0.278526
-0.258141
-0.647027
1.412935
0.272696
4.390315
1.434486
0.543936
1.359899
0.965586
0.408084
-0.708209
-3.454764
0.919457
-0.902195
-1.399718
0.848502
-0.318533
0.653702
-0.334606
-1.088129
-1.653288
-2.453830
-0.240430
-1.918350
1.463330
-2.642105
2.016087
0.511904
-0.971314
0.135867
3.816468
-0.887170
2.163980
-0.637769
-0.601979
2.019064
0.059678
0.093736
0.258758
1.046689
1.370046
0.877737
0.597548
-0.060821
-1.657082
3.424302
-0.046053
0.981187
1.930867
1.780354
3.347842
2.433507
0.585755
0.545496
-0.774468
0.625849
-1.137734
2.136591
0.425563
1.120899
-0.253475
-0.403484
0.644250
1.780602
0.605533
0.191990
0.610377
2.544690
1.996089
2.838273
3.770522
2.068054
-1.793314
-2.645060
-0.913478
1.128906
-0.500006
-1.061158
0.250292
0.148399
1.505413
-0.213484
-0.993410
1.443511
0.894173
4.616064
0.045243
0.261293
-0.720804
1.105243
0.149429
1.542188
2.029100
0.061484
-2.227326
0.375673
0.546686
1.045147
-0.643290
2.774822
-0.436714
1.272320
0.467448
0.005279
0.276332
1.360159
-0.174233
0.668309
0.069638
-0.787641
-1.580053
0.365553
-1.770779
2.784704
2.763530
2.197591
0.970730
0.270095
3.866542
0.876035
1.175758
-1.936813
0.476774
1.279009
3.582191
0.837638
1.395813
2.596832
-0.416066
-1.518753
1.108096
0.117671
-0.986603
4.496480
0.563067
-0.930121
-1.745573
2.766846
1.482245
2.524233
-0.744290
-1.547629
1.348969
1.336140
1.369468
-1.222426
-0.482169
0.271787
-1.079897
1.409958
-0.169041
0.694060
-0.940925
1.069158
-0.091992
-0.800764
-0.172537
3.077859
-1.602637
-2.645609
-0.575693
0.555844
0.630655
2.304577
1.833850
-1.469069
0.202872
0.709230
-1.310615
-3.199023
-0.895370
2.102796
1.453127
-1.257779
-0.343453
0.235871
-1.672559
-0.362444
0.917921
1.263389
0.213028
-1.571456
0.931940
0.414236
2.253712
-0.367250
0.203503
-0.263575
1.406985
-0.150768
0.030875
-2.369630
0.824781
0.626095
2.147270
2.485008
-2.532038
-0.049481
-0.172472
1.300404
1.155937
0.516304
2.526376
0.119532
2.100594
-1.169476
1.242722
-2.139755
-0.812189
3.646016
3.189255
0.331401
0.210659
0.101023
0.644823
-0.953431
-0.852048
-1.069620
1.995098
2.903402
0.653905
0.584487
0.920272
-0.594227
-0.521101
-0.956843
0.414054
-0.388879
1.118096
-1.215093
1.476341
0.553465
0.223181
-1.927084
2.280079
1.902102
-0.087938
0.543876
2.318642
0.418762
0.904949
1.021911
3.081894
-1.345274
1.493550
0.852005
0.772533
1.167099
0.024946
1.917706
-0.049275
-0.335375
0.479522
-0.258460
2.043212
0.560652
-1.839072
2.875524
0.401050
0.963144
0.531443
0.480612
0.075881
4.326056
0.453302
1.710737
-0.015064
-1.223426
-0.481522
-0.162180
-1.621513
-0.108334
-1.021052
3.217741
1.838975
3.781258
-1.874802
1.794408
1.649985
-1.684367
0.961251
1.465323
-0.911954
-0.584137
-0.929310
-0.897729
0.738933
-0.995551
1.334093
-0.878958
3.839162
-1.709206
2.252193
2.812781
-0.556150
-0.661660
-0.136565
-1.882055
-2.709204
2.333316
1.929349
2.733039
1.886017
1.210504
-2.688643
1.575887
0.828444
-0.463542
-2.650323
1.804201
-1.651101
2.614046
0.617098
-0.146760
-0.420725
-1.188347
1.970758
-0.455916
1.042703
-1.120767
-0.295125
2.063202
-1.824827
0.549940
-1.458036
0.629159
2.699787
1.354468
1.463230
-1.671999
0.288016
-0.376108
1.828405
-0.062662
3.097382
1.030530
2.011100
1.164229
0.359286
1.146270
-0.820706
-0.194841
0.014977
0.768822
0.451701
-0.029409
-0.603287
1.867280
1.959784
1.377769
1.592953
-0.302922
-2.212013
1.626821
1.090854
1.998075
1.842975
-1.309565
-2.710961
-2.336575
1.822341
-1.178765
-1.176917
0.459869
0.827809
0.582538
1.367513
2.239613
0.743262
-0.567391
-1.723876
-1.840327
-0.200553
-1.116022
-0.756571
0.470151
0.682578
0.022154
1.841285
0.693151
-2.988480
1.982148
-0.713249
0.551463
0.479002
-0.052071
-1.208761
0.931453
-0.567130
1.997218
5.054502
-0.499270
1.210955
0.514225
-0.282351
1.084814
2.671086
0.943394
1.936269
-2.759334
-2.165665
0.360025
0.312504
-2.746690
-1.052461
3.076999
0.363187
3.120920
-0.989765
-0.423569
0.348192
1.863257
-0.300340
-0.652816
0.472395
-1.168855
-0.531567
0.280343
2.742100
1.492845
1.769688
2.123812
-1.682899
-0.475148
-0.440638
0.336319
1.210138
-1.911750
2.421307
-0.252168
-0.315554
1.077564
0.982489
0.170415
4.272197
0.474448
-0.957759
-1.079338
-1.165323
0.758927
2.708385
-0.516764
-0.429871
-0.123361
0.254280
-0.874394
2.672192
0.677184
0.625830
-2.091332
1.011078
1.499072
-1.281687
0.371201
2.098993
1.065761
-0.219055
0.805220
-0.655016
2.442969
3.980206
-1.245593
0.696110
1.519910
-0.481116
0.636568
1.325634
-0.287506
-0.939390
-2.667114
2.003277
0.089504
-1.718387
-1.232562
2.673780
-0.482117
-0.045962
2.306024
0.664721
0.572508
0.858907
1.153085
-0.240421
-2.137827
0.922033
2.466222
-2.291840
1.676006
-0.709553
-1.674926
1.674914
0.895410
0.812660
1.430256
2.146727
1.233905
-0.516315
2.783701
-1.340644
0.751844
-3.918559
2.696686
0.484620
0.572825
1.558909
1.484194
2.834058
0.159795
0.647134
-0.233814
0.338709
-2.005350
0.362126
1.295101
2.676795
1.761823
0.654395
-1.131120
-0.211507
0.175590
1.173415
2.082962
2.044055
-3.453103
-1.169846
-0.946815
0.457223
2.831976
2.737900
-0.411507
1.297875
1.480025
-0.922058
0.649811
0.733968
1.332781
-0.518842
0.747293
1.310720
0.500993
1.874654
-0.615403
0.164012
-0.131810
0.105011
0.378544
2.279181
-0.974535
-1.020005
1.416996
1.386950
5.625770
0.147610
0.428398
1.514463
0.051549
-0.012421
1.124865
0.883836
1.432945
1.313135
1.622287
0.251436
0.185695
-0.177423
1.817201
0.069847
2.153220
-0.694561
0.286993
2.112827
-1.476490
0.736768
-1.225474
3.338704