-0.684293
1.565195
0.088471
0.503655
-1.424162
0.615800
-0.184454
-2.171719
0.112128
0.119746
1.705924
0.969720
-0.183819
1.129694
3.416964
0.163498
1.712950
-0.652769
-1.103693
1.048795
0.530380
-0.014117
0.605075
2.503144
1.024601
-0.676822
-0.769293
-1.133919
1.521998
-1.178923
-0.577639
2.513139
0.932985
-1.142544
2.048395
-0.718735
0.788131
-2.293223
-1.851340
-2.367958
2.099786
1.266401
-0.115737
1.964718
0.205482
0.991130
0.548441
-0.868977
0.884001
2.771862
-0.861911
1.467633
-5.319602
2.039415
1.107404
2.905374
0.799768
-0.583132
1.405942
0.337625
1.028758
-1.683114
-1.766638
0.872790
-0.011776
1.936382
-0.220407
-0.205984
-0.336220
1.028626
0.448163
1.006172
2.305457
0.693970
1.066407
0.085068
0.547451
-1.046738
1.593848
-0.855465
1.756346
-0.514845
-0.318305
0.258557
-0.475767
2.031502
1.713972
2.396762
0.010786
-0.016274
1.123978
2.664482
0.666443
-0.857559
-0.892822
0.421083
2.094597
0.146192
2.526649
4.095079
-0.348084
-0.649158
-0.421204
-0.166888
-0.821252
1.124376
1.315401
0.929662
-2.352582
-1.619052
0.884843
-1.943871
2.959376
0.043946
-1.799113
0.719428
-0.039744
2.367059
0.727391
1.189920
-0.997643
1.187326
-1.215851
-0.084475
2.677355
-0.923553
0.446652
1.498340
2.396622
0.725953
-0.523731
0.869304
0.374307
-1.786200
-0.688345
-0.105235
-1.570037
-0.240626
-0.825240
1.146381
0.471465
2.471754
-3.003392
0.240968
-0.980852
-0.761612
1.929673
3.536877
0.119741
-3.713098
-2.180183
0.186135
-0.758604
0.327742
0.813152
-0.832699
1.672390
3.273820
0.716924
-0.357317
-0.161438
2.722448
1.165750
-2.002402
-0.016884
1.226038
1.289794
-0.863035
-1.768567
1.227555
1.319611
3.387713
2.443245
0.630522
-1.363050
0.367654
0.942253
1.941617
-0.025521
-0.593581
-0.202670
-1.404329
0.172320
0.218318
1.706096
1.065205
-0.740351
4.717728
-1.528265
2.368671
-0.811706
-1.952236
2.230610
-0.071317
3.803405
1.062567
-1.009851
-1.080751
1.438754
0.724469
-0.777053
-0.042648
0.367608
1.628026
-0.116527
-2.358442
0.776807
1.028434
-0.585212
-1.103502
1.550133
-0.672136
-0.494537
2.060419
-1.690473
-0.748614
2.086116
1.381162
0.837966
-0.259705
0.350374
2.677577
-2.590884
1.181707
-0.222596
0.988533
-0.093214
-1.532658
2.676579
2.946849
0.262389
1.304001
2.072904
-1.071712
1.811365
2.726002
0.523712
0.747660
-0.053147
1.257673
1.112140
-1.967185
-0.328750
2.400466
0.820729
1.181684
1.313785
-1.954499
1.786860
0.073090
2.423625
4.535062
0.476184
0.745273
-3.087314
-2.093345
1.542181
0.382874
-0.729950
0.235357
0.094274
0.480801
2.947874
0.278892
0.576336
0.536216
0.075110
0.081458
-1.110604
3.195959
4.069507
0.834063
1.002292
-0.447260
-0.097717
1.624429
-0.732813
1.064453
-0.114472
-1.842846
2.609743
-0.364019
0.283156
0.143805
0.502921
-0.330032
1.031829
0.524488
-2.352142
2.047733
0.210079
0.439296
2.719236
0.166699
0.033711
0.185842
-1.115347
3.349505
-0.462313
-2.491372
-1.179017
0.336351
1.270473
-0.448253
-0.227479
-0.510176
-0.226067
1.767273
0.125205
0.697216
0.477831
1.817744
0.206956
3.810197
0.012025
0.586221
0.776540
0.219980
-0.071858
2.014837
0.763015
1.683982
2.128654
-1.169030
2.046642
-0.961046
0.144365
3.696279
-0.562193
-0.828744
3.199146
3.724600
0.246439
-0.530661
0.399123
-0.100541
-0.498062
0.050562
0.554384
-0.913537
-0.315193
1.601805
-0.270471
2.757398
-1.136559
0.881698
3.163041
0.414546
0.864408
-1.457246
-2.464759
-1.327386
-0.992026
-0.265674
0.941821
0.312569
2.255033
-1.323200
-0.273069
0.679289
0.002175
0.439216
-0.565896
0.322731
2.113533
-1.700345
-0.937265
-2.004213
3.213983
-2.167029
1.149069
0.719552
-1.898374
2.354725
1.825692
2.285458
1.564696
0.347745
0.951865
3.009702
2.165891
0.815374
-0.217620
-0.448309
1.024602
-1.791956
1.614950
1.642495
3.252216
2.199945
1.139230
2.761857
0.588826
2.361710
1.107325
-1.058465
1.716560
0.658524
-1.900420
3.883464
-0.115159
2.507532
-2.112793
-0.968901
0.840849
0.354700
2.099735
0.737899
1.973243
2.242824
0.019643
0.482117
0.177477
-0.083411
-0.604339
1.360139
-1.333026
0.203941
1.898691
0.933115
1.831939
1.680122
0.063751
-0.115723
-1.152591
0.584365
3.190290
0.481232
1.101104
2.510468
0.537235
0.359406
-1.143747
-1.996885
2.355650
1.616756
-0.799333
0.928778
0.420239
-0.194072
-0.797691
0.022729
2.889955
2.540050
1.259069
2.089261
2.303438
-1.587045
2.952019
-0.556027
1.974793
-0.846917
2.338930
-0.735065
0.802624
0.740996
2.015511
-0.472371
-2.793214
1.513450
-0.728498
2.582185
0.125726
1.138643
-0.680987
-0.410536
2.440243
-1.866440
0.871839
-2.351171
0.014475
1.061286
1.430636
-0.899028
2.490795
1.107342
2.309199
0.370543
0.788950
-0.370628
1.189744
3.828528
2.501179
0.767774
0.980143
2.161939
-0.871235
-0.255658
0.703772
-1.325929
1.036599
3.655688
0.589912
-0.107439
-0.632771
-0.655892
-0.558368
0.925233
-1.434785
-2.031167
0.869571
1.006031
0.711656
-1.013885
2.321537
1.536878
-0.519132
-0.060140
0.729709
1.276052
1.165339
1.100709
0.042649
-0.371790
2.809993
0.840564
2.572808
1.242714
2.256874
-1.176102
0.934137
0.932680
1.019006
1.147717
-0.056353
1.073432
0.907684
0.496973
-0.918711
-0.362311
2.736793
-0.211281
1.729635
1.228873
2.358844
1.922403
-0.587485
-1.517425
0.677849
2.280398
0.183794
-1.162323
0.872741
-0.598996
-1.082401
-0.447451
0.635726
-2.933345
2.163663
-0.480146
1.681568
-1.144093
-1.127618
-1.513957
2.100414
1.827324
-2.748431
-1.270245
3.968542
-2.052478
-0.391233
0.602487
-0.738950
2.064892
-1.258885
0.767611
0.172824
-0.215939
0.913480
1.248081
1.914454
1.485692
1.115792
-2.003582
-0.051476
-0.941812
2.362799
-2.222752
-1.044010
-3.114498
1.999665
0.540242
1.701269
1.419275
0.502897
-2.179876
0.020699
2.295654
2.410175
-0.403286
-1.437701
1.427841
-0.996709
0.612704
0.112207
0.464492
3.987378
2.060659
-0.131605
2.234965
2.736042
-1.330858
2.705201
-1.757675
0.506977
-2.544316
0.965020
-0.833727
-1.566827
-0.128587
-0.188748
-0.809730
0.316807
-0.459582
-0.816596
0.206995
0.611294
0.418371
0.925586
-1.035265
0.240324
-0.737080
0.507240
1.309144
0.641561
0.762751
-0.486124
1.079744
1.568107
-0.982252
0.697699
2.043184
-0.773433
1.247281
1.879061
-0.775753
2.871001
0.222879
3.274962
1.450093
-0.788041
1.287580
0.240867
-0.755162
0.557499
-2.080953
-1.459086
0.579313
0.568325
-0.274718
2.199948
1.809024
-0.493511
1.253952
-0.231127
-0.753119
-0.199852
1.871563
1.937824
1.474307
0.704369
-0.023539
0.703593
-0.510635
-0.752254
1.179122
-0.862939
0.731293
1.306213
-0.587479
0.768144
1.078205
-1.827360
0.465680
2.598559
0.502714
-1.743647
2.445329
0.929423
-0.459507
0.599208
-2.628815
-0.568621
-0.780439
1.745327
3.348438
0.357364
-1.747040
-0.851517
-0.372150
-0.712922
3.057856
1.456200
-0.870143
1.132734
0.379759
-1.850796
0.294812
2.942463
-1.016044
-0.383336
-1.784113
-0.453820
-0.125050
2.642005
2.399596
-1.319196
1.103647
1.793098
4.460236
1.618519
0.504280
-0.235092
1.395007
-2.209822
1.550197
0.536016
2.881800
1.616291
-2.232371
-0.341015
0.469557
0.156602
1.742675
1.135074
3.407315
-1.326617
1.663024
4.611787
-3.094109
1.796550
-1.321629
-0.615556
0.391992
1.688166
1.944236
-0.260638
-1.367112
2.001194
0.921733
2.883310
-1.110684
2.173480
-0.269796
3.503274
2.148983
0.793746
1.395759
-2.501160
-1.584217
-0.495147
2.371204
-0.366157
0.147496
0.928404
0.960824
1.266654
-0.962252
1.487092
0.490553
-2.858996
3.705030
-1.717472
2.638416
1.598492
1.819039
0.525342
1.167844
-1.285227
-1.073441
1.292333
-0.713043
1.200967
0.777450
0.004898
-1.116304
3.116491
1.487576
2.018336
1.584458
-1.070815
0.075545
-1.906973
2.549544
-1.593715
3.800168
1.632678
-0.170405
0.396982
1.582469
1.085218
1.231273
-0.221138
0.497734
0.222623
0.640803
-0.256096
1.822887
-0.759486
1.816008
-0.446333
1.949518
-0.341813
-0.173386
0.192098
0.752638
-0.737637
-2.450214
-0.157882
-1.348632
1.168188
-1.267386
-0.666785
0.871434
0.354491
1.033836
1.223322
2.996460
0.353132
2.262953
-2.382989
1.116917
1.187227
-1.043989
-0.258674
-0.224408
2.495444
2.696265
1.263240
0.794578
-0.251141
0.618862
-2.634721
-1.060364
-2.737862
-0.825179
-0.742772
-2.211522
1.425344
1.504050
-0.664206
-1.005364
1.959496
0.436712
4.052151
4.499134
-0.149787
-1.087390
-0.895804
1.412084
0.929593
2.289895
1.729642
0.550882
3.032727
1.115184
1.544815
-0.276165
0.329426
1.042625
-1.318807
-1.915102
-0.340180
-0.849860
0.075547
3.713758
-0.618082
0.305444
-0.626928
0.644276
2.188837
-2.178128
1.519927
-1.183506
1.324069
-0.668574
-0.527715
2.697011
0.179010
-0.381295
2.607588
-1.355275
0.425239
0.956067
2.104613
3.180424
-1.030738
0.327568
0.313642
3.020324
0.920110
1.342660
-1.177043
-0.605491
0.043223
-1.800774
-0.240959
-1.399941
1.838177
1.601809
-1.095128
3.883105
1.699866
3.951442
2.226573
2.161203
1.989967
0.596365
1.727769
-0.048544
1.709211
0.310016
5.686483
0.433099
0.920665
0.423402
-1.001376
-0.320456
1.825491
-1.273690
0.003841
1.790204
-1.101933
-1.886944
0.663415
-1.145360
-0.228888
-1.367737
-0.358726
0.501002
-3.057632
-0.925472
0.690375
-0.785643
-1.140602
-0.500532
-0.915097
0.807902
2.502852
-0.455613
4.062518
0.304431
-1.109237
-0.894661
-1.748309
-0.332072
2.161228
2.250371
-1.446861
-0.520371
3.729276
2.245878
3.391418
0.598503
1.092901
1.353680
1.731705
-0.311268
1.013946
2.409516
1.689031
1.808183
2.346695
-0.195710
0.963609
-0.034684
4.177197
1.371585
4.113488
-0.739378
1.358710
-2.103406
0.398060
0.613974
1.049231
1.570682
-0.576860
-0.128335
0.980552
2.894960
-0.117073
0.690913
-0.885309
-1.591751
1.726733
0.656566
0.925431
0.162295
-0.224867
2.991752
0.724250
1.061755
0.205456
1.365154
0.831921
-0.138473
1.809960
2.045436
-1.345107
1.163059
-0.171250
-0.010875
2.567703
1.955778
-0.346997
-2.807169
1.804446
2.265798
-1.038899
0.703456
-0.095099
0.733819
-0.650076
0.008812
-1.252741
2.620184
0.977303
-2.750083
5.444455
-0.417443
-0.699049
-0.541505
-2.295435
0.154876
0.251765
-0.166317
1.613313
2.226833
-0.764865
-1.195531
2.311809
3.868869
2.614495
-0.356070
-0.411902
1.065161
-2.745739
0.804561
1.350442
3.719817
-0.153174
1.528108
0.331360
1.541249
1.146608
0.575189
3.043499
-0.067309
-0.127312
3.238377
1.834293
2.579945
-0.819188
1.922276
-1.811129
1.474528
0.764180
-2.094999
2.479950
2.529020
-0.393408
-0.403103
-0.002107
0.133605
-0.644936
2.091470
1.698028
-0.137210
-0.214616
1.811699
0.581478
-1.850846
1.140189
3.320733
1.053681
1.519793
-0.013191
-1.539119
0.862511
-0.847182
0.017519
-1.541718
4.077064
0.368729
-0.096219
-1.210155
3.187411
-0.022335
3.715518
-1.216997
0.502293
-1.437717
-0.601240
0.057096
-0.528806
-0.134788
1.238327
0.692377
0.500913
0.659671
2.099113
-0.550398
1.450309
0.319051
-0.353435
0.309393
0.607312
-0.181193
-2.147537
1.045867
0.773511
0.596083
0.699147
0.628620
0.121692
-0.312484
-1.276382
2.521727
-0.256676
2.355015
1.767386
0.724069
0.509320
0.420164
-0.205872
1.655926
-1.205921
-1.452608
2.794649
1.661814
0.261082
2.343938
-1.907433
2.729004
0.419600
-3.368349
2.781330
-0.228961
0.714864
2.130516
-0.078574
0.842141
0.154441
0.168028
-0.760268
2.171842
-1.727055
-2.079944
-0.953838
-0.240545
1.264284
1.159241
1.906058
0.322366
1.613941
-0.965863
0.163332
2.243373
0.509711
2.093085
0.629137
0.902505
-0.550392
0.984100
-0.598936
2.807339
-0.443884
1.415071
2.933525
-0.857423
2.012820
1.212722
1.504466
0.116724
-0.682544
0.809528
1.177688
0.252303
1.597906
0.223697
1.445071
0.967463
0.794452
-0.034379
-0.533752
-1.965133
1.296220
0.358705
2.192647
-0.874358
-2.243869
3.223135
0.949058
-1.330916
0.784738
1.555955
-0.843159
1.147436
-3.080148
-1.332335
3.496712
-0.281220
-0.666062
-0.086486
1.596767
1.361108
1.995839
1.220437
4.134809
1.145992
1.385573
1.022866
1.033743
2.448558
0.010639
-0.978577
1.156558
-0.920955
0.649517
0.517456
1.863095
-2.353005
0.962652
0.232589
-2.001845
1.258156
0.589225
2.114928
-1.546577
-0.884389
0.144530
-0.221657
0.603761
0.481941
-0.084640
0.832892
-1.068041
-0.384830
-1.002647
-0.111502
-0.113415
0.573259
1.683038
-2.111436
0.774198
0.736036
-1.290818
3.141506
0.402905
-1.101267
-1.622958
-0.264599
1.778006
-2.013970
0.976896
-0.794286
1.207185
-0.352041
2.772160
0.581261
1.287302
-0.216301
2.234342
0.555356
1.777287
0.016941
-1.054535
1.335637
-0.464917
2.377807
1.110255
2.663867
1.907832
2.155521
1.400090
-0.384428
-2.508150
-0.440806
-0.026693
-1.656389
2.104106
1.566625
-0.692920
-0.103264
-0.293024
0.841284
-1.513997
-0.896935
-0.092390
0.832376
2.543983
0.716864
1.208870
0.239282
0.192952
-1.284263
0.257998
-2.809163
-1.989647
-0.525959
0.929450
-0.853330
0.852605
0.152980
1.759536
0.592994
0.490210
3.512042
-1.078664
1.546094
1.203879
1.755715
-1.109321
1.294111
3.276887
0.826378
1.097283
1.193964
-0.945963
-0.318375
3.655649
2.649369
0.067135
-0.256433
1.613475
2.189459
-0.464828
0.868969
1.081734
-1.659133
-1.210769
-1.736473
-2.464942
1.851070
1.258388
-0.501904
2.222510
-0.570328
0.443152
-0.736094
-0.415739
2.314224
-2.017148
0.405693
0.886274
-0.922640
2.442441
0.518811
-1.995947
1.407464
0.618685
2.337031
1.373104
-0.240869
-0.069061
-0.607362
3.209894
0.612279
-0.003176
1.952217
0.029984
-1.960848
-0.578690
-1.094644
2.842829
-0.386967
2.157252
0.019866
-0.567029
0.072286
-2.072516
1.517378
2.442374
0.089802
2.657132
0.140064
0.809661
-1.113081
3.134254
2.508670
1.221768
1.244880
-1.132770
-1.166512
2.074576
1.650897
-2.271291
-0.847952
0.639053
-1.394801
1.419889
-1.801321
1.004694
1.613999
0.883829
1.190554
-0.070044
-2.763972
1.543826
0.674528
1.855901
-0.007258
3.343228
1.683028
0.249476
3.229544
-0.083471
-0.048677
0.238104
-1.883775
0.408502
1.635972
1.409635
-4.217821
1.564480
1.369459
0.377740
-1.539745
1.834909
1.857636
-2.154833
0.385323
-0.326567
0.057548
-1.359287
0.362609
-0.969794
2.023769
1.133180
2.674495
2.851641
2.333521
1.398276
0.082642
0.171604
1.160222
2.106464
0.334844
1.905647
-0.862283
-0.733284
0.118676
-0.206045
3.054542
-0.309989
0.166985
1.801926
-2.885147
0.248995
-1.720181
-0.865787
1.264282
2.794100
0.472380
0.110501
0.485657
0.142671
2.979579
-2.821454
-1.156631
1.627200
-0.173617
-1.684918
3.373448
2.659158
2.409792
1.443333
0.554679
0.793544
3.064302
2.416974
1.209473
-1.049745
0.121635
2.613072
1.557234
2.147718
-1.156489
-0.100717
-0.532223
-0.901519
0.783822
0.681962
0.943147
-0.591319
-1.328248
-2.394863
-0.209334
2.889192
-0.792227
-2.670716
-0.879841
1.994194
1.033934
-0.218969
-0.196010
0.211388
-0.299603
-0.807540
1.485559
-1.315840
3.910764
-1.093190
1.656194
-1.071597
0.915444
-0.925795
-2.778099
-0.417430
-0.289449
-1.238415
-2.467376
0.127004
-1.277253
-0.882615
0.332720
-0.732846
-0.688362
0.638449
1.256005
0.411582
2.680321
0.072542
1.899743
0.391541
-0.039900
0.724767
0.193506
1.405340
0.725233
-2.094810
1.259084
1.951460
0.783158
1.071301
-0.513905
1.749384
4.040668
-1.464184
-2.201983
0.685333
-3.595047
-0.836508
-0.887413
-0.689140
0.162051
-0.920546
1.392991
-1.007510
1.995139
1.339986
-0.356220
-0.167474
-1.646764
1.543697
-2.420522
-2.247290
-1.989098
0.701373
2.169215
1.017527
-3.319871
1.701993
-0.717112
-0.760296
-1.113878
-2.301585
0.257419
0.264233
1.373630
3.926556
2.596327
0.716780
1.379201
0.333161
0.166811
-0.445825
-0.525127
1.572006
-0.328286
-0.631069
0.967694
-0.695678
0.863304
1.635416
-1.136001
1.216592
1.088455
1.226945
1.639258
1.603939
2.669071
-0.036567
-0.337670
2.509069
-0.879460
3.242813
-0.763935
1.241047
-1.337408
-0.605142
1.496582
2.294871
1.051938
-0.206584
1.171367
1.683887
4.259455
1.030056
-0.230662
0.623623
0.222685
-0.330101
1.170663
0.912477
2.854176
0.062725
2.658087
2.746204
0.737025
1.550119
-0.464496
0.739951
0.053250
-0.271402
-0.750762
1.477631
-0.355200
-2.227776
0.174063
0.657563
-1.886282
-0.766182
-0.739630
-2.227954
-3.498609
0.903609
-1.192374
-0.284520
-2.355864
1.625072
0.157403
3.701788
1.086848
1.106247
-1.696550
-2.651841
-1.529949
-1.459737
-0.493460
0.903377
2.002528
-1.830527
-1.055747
0.069119
1.468014
-0.809892
-0.660094
1.029369
5.486637
1.025289
0.263269
-0.607104
1.634230
-0.137669
2.227897
2.341159
1.540795
1.971174
2.465721
2.768879
0.611994
1.259973
0.732657
2.154955
1.972515
-2.342740
-2.436093
-0.150233
-2.608629
2.150928
0.930893
-1.237638
1.751435
-1.925577
0.731796
1.237101
1.560032
-0.534031
-0.111787
1.676197
-0.399943
3.382423
0.023449
1.429763
0.475623
0.414938
1.392018
1.725550
0.140999
-2.327009
1.261178
-0.471666
-1.116669
-0.579701
0.532405
3.368040
-0.669948
0.934798
2.078772
0.671608
-0.496873
0.040545
-0.974038
0.864373
0.564905
4.224422
3.035550
-0.033885
1.995508
1.391742
0.409012
2.749307
-0.826618
2.068147
1.283981
-0.322232
1.343405
0.548161
0.990083
-1.006224
-0.139333
1.038562
1.004622
1.039585
3.898738
-0.544972
0.512475
-0.033695
0.536635
-0.824735
0.689673
0.615754
2.077137
2.477598
-2.185913
1.379609
0.354086
2.925395
-1.540892
2.164815
-0.049992
2.564558
0.096284
-0.447777
0.778042
-2.151135
-1.053127
0.904149
-0.824141
1.423809
0.546122
2.579165
0.726860
1.815464
-2.366792
0.499014
0.992700
0.924592
-0.059778
0.859796
0.064143
0.912249
1.445150
1.204801
1.686242
0.392628
0.894227
2.219165
-2.899661
-0.055316
0.836383
1.241942
-1.073020
0.071082
1.773090
-0.802724
1.423512
0.398756
-1.114545
1.720728
-0.782570
1.246838
-1.415105
0.139926
1.155658
-1.444794
0.424452
1.088275
1.053010
1.070862
-0.462592
-0.629891
3.054688
0.431390
-3.265480
0.493442
2.548546
0.240557
0.435281
-0.272609
-0.387644
-1.392234
-0.494795
1.240610
3.382015
0.904915
0.936391
-1.009524
1.087859
-0.752471
0.893777
0.749225
1.235482
-0.490633
-0.889874
1.461500
2.675228
3.069708
0.219233
-0.504128
0.583123
3.185383
-2.684524
2.046362
1.803784
-0.556504
-0.957268
0.043001
-0.134073
-1.726515
-1.649859
2.193264
1.108121
1.060446
3.058866
-1.429435
2.488240
1.590658
1.217867
0.473078
0.600060
1.047981
-0.016845
0.558011
-2.333090
1.032425
0.299798
-0.427873
-0.010455
-1.233759
-0.280136
0.740735
0.132861
0.774522
2.302378
-1.874081
2.153149
1.160743
-1.243941
-0.156285
-2.048193
-0.252245
1.084411
-2.291968
2.190968
2.429796
1.351480
0.414408
0.520941
1.296599
1.411021
1.147287
2.544314
0.346960
-0.977754
0.559700
1.655686
-0.655939
-0.260723
1.137441
2.906003
1.927668
-0.021918
1.619074
-0.949840
1.529654
2.836903
1.229266
2.183363
1.737390
0.863961
2.358134
-0.380903
-2.281904
-1.666640
0.994207
1.972924
-1.415089
0.209902
2.035334
1.685004
0.758385
2.295363
2.859984
-0.923195
-1.712883
0.361698
0.851940
3.260645
-1.021858
1.299691
-0.117797
0.677304
-0.469661
3.281400
0.305173
-0.667599
2.052669
2.444896
-0.584532
-0.790852
2.373339
1.682728
2.390244
0.442542
1.453598
0.645555
0.212774
1.542170
0.756048
0.119611
-0.788156
0.594429
0.797547
-1.297291
0.479749
1.439975
0.377200
1.560204
-1.631900
1.055737
-0.636500
1.622210
0.617742
0.788395
1.539308
1.177718
-0.149085
0.848056
1.662986
2.931041
1.265115
1.434328
2.631337
0.037975
-0.479738
0.155068
1.379184
2.066540
-0.585679
-0.178000
1.479940
0.430649
1.385303
-1.772619
-0.962497
0.829913
-0.315850
3.487195
3.462219
-1.019474
0.365544
0.036387
0.682649
0.132430
-1.252139
1.365611
-1.934488
1.183980
1.001739
2.258431
4.268168
-1.263643
1.068637
1.337737
3.269365
0.547499
-1.104133
2.408369
3.397180
-1.419451
2.602389
-1.821619
3.652875
-0.592876
0.808770
0.249139
2.171175
2.917583
2.177961
-0.100219
0.945171
2.271838
1.243556
0.932907
-0.582031
1.465090
2.578661
-0.996821
0.343258
1.917017
1.437849
3.210658
-0.486233
-0.337927
-0.219531
1.623672
0.823107
-1.213327
2.078879
1.489771
1.179316
0.142438
-1.076590
2.388124
-1.503098
1.136194
0.607675
1.772860
0.594020
0.198503
-0.674770
-1.694194
2.018342
1.144568
0.969494
2.322186
-1.014603
-1.133070
1.764622
-0.877481
-0.871711
1.094509
-0.919011
0.813974
-0.350094
2.556009
-1.509186
-0.168223
-1.634493
0.340149
-0.296785
-0.819121
-0.937019
-0.980575
0.150449
-3.189377
-0.649343
2.754885
1.314630
1.266568
0.123586
-0.141304
-1.663054
2.343728
-0.339580
4.536945
3.107314
-0.654797
-0.942062
1.716321
-0.971902
-0.637612
-0.152514
1.107623
0.399110
1.578723
0.506103
0.005484
1.724800
0.377249
1.937163
0.178842
0.320237
1.443697
3.466057
0.694849
2.394782
2.304616
-1.889320
0.145348
2.522486
-0.024082
-1.338466
1.595139
-0.860912
-0.904490
1.473507
0.251239
-1.868837
2.324296
0.348118
0.952092
-0.078960
-0.159036
0.950460
-0.194559
1.444637
-0.515811
-0.667670
-1.114087
1.814592
-0.623367
0.147787
-0.388999
-0.173782
0.505464
1.121233
-1.622994
1.322294
0.838798
1.238297
2.550845
-1.305290
-0.190903
0.272350
3.137672
-1.721634
0.222347
0.162959
0.494710
3.650386
1.387443
-2.109228
-2.613979
1.682165
1.139114
0.899238
-0.898467
0.582652
1.394708
2.541545
0.959352
1.775510
-1.444117
1.057194
0.517977
-1.262884
2.898568
0.382828
-1.895358
0.599573
1.975556
0.973837
-1.017617
2.440100
3.211818
-0.950417
1.957555
0.804852
1.513221
0.990394
1.898877
-1.227223
-0.644988
-0.434762
-1.410891
-0.400268
-0.774447
-2.821481
-1.086098
0.379107
2.446411
0.038111
2.417116
0.231689
2.849931
0.879130
3.019377
0.144882
2.405355
0.483349
0.955412
0.385951
0.442774
0.823354
-0.581804
1.037232
2.421624
0.946957
2.946410
-0.288771
-0.554556
1.030841
0.963248
-0.466421
0.388526
1.841854
0.080352
-0.630567
-0.853141
0.163633
-0.287230
-0.387726
3.220045
2.049288
0.324819
0.833227
2.346196
-1.877793
0.032064
1.483134
2.246216
-3.508761
1.429265
0.860641
-1.469455
2.916883
-2.382650
-0.841156
-0.158573
-0.011554
0.154327
1.436374
0.146277
-1.762971
0.276037
-0.433722
2.456059
3.401239
1.529117
-1.727027
1.134065
0.475548
1.663475
-1.963403
2.954521
2.751602
0.748247
3.247326
-0.581237
1.910253
-0.517080
0.055125
0.101447
3.046751
1.853977
1.462686
-0.739162
-0.012464
-1.011304
0.234352
-1.865892
1.074232
0.587381
2.868793
-0.660187
-1.022953
0.153252
-1.063343
-0.132010
1.421850
-0.977309
0.392984
0.580126
1.306973
-1.259776
2.238698
2.118856
-0.335743
2.317525
0.475095
-1.457071
-1.222200
0.582177
1.653535
1.913486
-1.286246
2.017809
0.339102
-0.219156
1.311651
1.111214
1.103707
0.958882
-1.015116
0.705615
0.680223
0.829142
-2.127168
3.586182
0.384636
4.217814
0.893348
-1.256953
0.319955
0.833445
2.398164
-1.806026
1.481643
-1.096448
-0.187146
0.797192
2.509349
-1.385251
0.139318
-1.380090
0.339901
-1.048469
1.086710
-3.549503
-0.640567
-0.849680
2.580561
-1.630212
0.889465
-1.080157
-0.321307
2.082364
1.829282
1.180517
0.346448
-1.390220
-0.141675
-0.556510
-0.153301
-0.936087
1.398941
-0.842450
1.694536
0.812417
1.352227
-1.679817
-1.765035
0.801888
2.197914
-0.866110
-1.238648
0.563828
1.925092
1.166878
-3.464726
-1.781616
-0.087498
0.860295
1.281024
0.549588
0.711268
-0.352850
-1.441263
1.197488
1.116806
1.618021
-0.234865
-1.154491
-1.979303
0.422511
-1.984590
2.374157
2.740275
-0.005868
0.696791
-0.146316
0.351443
-1.725327
1.674044
0.316125
0.042636
-0.947253
-0.274926
1.744308
0.947930
0.189638
-1.664595
2.107040
1.832881
3.625196
-0.687485
0.547501
0.529957
-0.368961
1.286270
-0.832251
0.910210
1.080483
-2.967569
1.292646
1.263630
-1.157939
0.451793
-1.867768
-1.455548
0.880417
-1.628484
1.736180
0.107208
1.737528
1.432817
0.343600
1.409652
0.729126
4.549385
-0.427513
2.197893
-0.843387
0.322470
0.037747
1.883779
-0.851997
1.324049
1.774298
0.167568
2.008289
-0.892614
-1.709637
-2.965308
0.182201
2.432858
-0.841377
1.583786
0.171451
0.802393
0.124833
-1.324354
-1.669343
1.325992
-0.471097
-3.028638
-0.972606
0.148250
3.180155
0.121621
1.141309
0.085614
-0.640600
0.060037
0.831464
-0.823815
0.308070
-0.585446
1.025600
-0.296834
2.456903
2.423357
0.530002
0.074296
0.745134
0.838069
-1.262969
1.601056
-1.544343
-1.786930
1.284531
-0.395323
1.625404
-2.140268
-1.822231
0.485453
2.594887
-0.782846
2.185756
0.415410
-1.325712
1.525159
-0.465393
-1.040270
1.639215
1.632669
2.855156
1.533778
1.289894
-2.586659
-1.187051
1.624151
-0.557395
-1.110887
2.468958
0.151318
0.119552
0.726934
-1.839369
-2.646443
1.886167
-0.173699
1.693285
-1.646283
-0.848915
-2.273271
-1.066385
0.674090
3.336820
-0.275332
1.667176
1.959963
1.229866
4.227765
1.456489
0.650237
-0.712526
-0.636299
0.053923
2.503853
0.926435
-0.265112
0.093861
-1.671566
-0.571950
-0.796052
-0.042677
-0.275941
0.445298
-0.262782
2.106865
0.621423
-0.360411
-1.004025
-0.773968
0.587069
0.516738
0.742330
-0.610003
1.731725
-0.989769
-0.354453
1.305721
-1.985084
-1.572344
0.343069
-0.735780
-1.265520
0.437573
-0.536155
0.150259
1.293730
2.443022
0.497494
2.236178
0.626922
-2.807641
0.070064
0.253899
-0.013638
1.265817
0.761700
-2.326903
2.406389
0.773656
-0.779547
-0.364915
3.321640
-0.720538
-1.410387
-0.618046
0.310582
2.533194
-0.884950
-0.178750
1.051906
4.613651
-1.037865
1.032102
-1.265874
2.788613
-1.345385
3.965452
1.112227
1.325862
-1.041903
1.653435
-2.084102
3.150305
0.525435
2.142020
0.557202
1.408035
-0.058785
2.504012
-0.803280
2.985491
0.175893
1.232166
3.080345
2.407844
2.432019
1.582207
-1.482628
1.074198
-0.629477
0.190786
0.808211
0.688965
1.654490
1.662576
1.582745
1.985312
2.463081
-0.327112
1.710095
-0.349657
1.152355
-2.137599
1.477048
0.301638
0.491319
-2.658036
2.328087
1.012573
2.249551
-0.960029
2.953347
-2.307082
0.294254
-0.300222
2.260288
-1.338540
1.651037
-0.702269
1.165708
0.587909
3.310940
1.452577
1.843608
0.524798
1.100393
1.072851
1.478963
-1.466862
1.164619
0.040339
2.141477
-0.098524
1.157189
0.098509
1.244310
0.465959
1.954945
-1.451444
0.990294
-2.416806
1.843991
0.912714
-1.397329
-0.855031
0.634002
0.343824
2.693312
-0.016316
-0.731947
0.889874
2.631949
1.412220
2.108857
-0.984379
1.166200
0.755601
0.166734
-1.245393
3.287377
1.707644
2.364511
1.769015
-1.140816
0.158474
0.266072
3.732133
-0.050315
-0.059004
3.296761
-1.588582
-0.949736
1.163724
0.056078
1.320499
1.954379
2.276257
1.051698
0.296308
-0.275248
-2.541134
2.565685
0.540299
1.445110
-0.410454
-1.054087
-0.595504
1.797114
-1.491693
4.326502
-1.809166
1.516909
-2.973303
2.566267
2.580187
0.694773
2.100775
1.164554
-1.236220
2.095541
-1.319406
-0.165654
-1.000512
1.276353
2.319982
0.120225
-1.164266
-1.350921
-0.926040
-1.260402
1.792929
-1.545502
0.205539
-3.180056
0.708648
-1.428115
-0.475629
0.865959
-0.679445
1.480975
1.376248
-0.336155
-3.637300
3.643617
0.773754
0.584174
1.089011
1.628006
0.709750
-1.282852
0.977041
1.437261
-0.274193
1.556328
-2.320353
0.564588
0.038609
-0.094190
0.079257
2.059719
-2.572765
0.639885
1.021244
3.030089
0.973854
-4.224488
-1.852085
-2.160406
2.814988
1.038781
-0.824905
0.921606
0.056265
-0.753655
2.563541
1.075670
-0.008753
0.281531
3.547715
2.145535
1.773232
2.131093
1.288729
0.264405
1.542196
1.111409
-3.086228
-0.186762
2.030760
0.580916
2.750364
-0.245193
1.915395
0.599907
0.870127
1.250321
-0.748337
0.735948
-0.496595
-3.652160
2.227090
-0.789993
-1.813671
0.597379
-0.475727
-0.406925
2.553151
1.614559
2.517109
0.181645
0.880276
-0.565991
-0.526772
1.432104
-0.037051
-0.929063
1.485157
1.390500
1.610629
2.550226
0.790878
3.180286
-2.935697
0.086137
0.486353
-1.806152
0.260805
-0.578575
-3.039701
-0.625356
0.005720
-0.324036
0.720872
2.235052
-1.461717
-0.820434
0.598335
-1.666472
-1.369246
2.407848
1.151675
1.248920
1.097921
2.138778
1.856791
-0.594482
4.411532
-2.233599
-1.697989
2.081138
0.770356
2.633399
-0.794456
1.013561
-0.238712
-0.443513
-0.484044
1.827951
0.809082
1.372165
2.279508
0.774924
-1.113678
-0.355420
1.689441
0.568639
1.589175
-0.470540
0.491876
0.558890
2.482836
1.698070
-3.124475
0.961411
1.021362
-1.044012
0.468227
1.965676
1.665029
-1.711387
2.250954
-0.332928
2.487294
4.866716
0.126872
-1.464612
2.514675
0.701190
-0.168829
1.418421
1.996424
-0.778535
4.476277
-0.572025
0.855503
1.208903
-0.714582
-1.160967
-2.255793
-0.532472
0.199061
2.144658
1.720038
0.116652
1.092040
2.432487
0.505861
1.635185
-1.708600
1.635517
-1.152777
1.343278
-1.814539
-0.694787
1.937504
1.954709
-1.825668
-0.340321
-2.329656
-0.887173
-1.944515
2.175739
1.498420
1.747937
0.704862
1.191598
-1.077751
0.351908
0.706599
-2.508288
-0.914444
1.613849
2.244080
0.729417
1.562095
3.151218
0.208550
0.141557
2.134318
0.950598
0.257617
-0.976565
1.050160
-2.763076
-1.359733
1.137931
1.006374
0.104675
-0.900563
1.909722
-0.269710
0.684280
1.227438
0.092118
1.289619
-0.540596
0.588089
-1.113658
0.177453
-2.060719
-0.459575
0.675780
0.104783
2.962356
4.962888
2.163222
1.155189
2.118554
-0.407738
1.258216
-0.928725
0.142121
1.837299
0.205933
-0.754738
1.488292
-0.136955
-0.391940
0.914861
2.502130
2.622747
1.671339
1.253566
1.569122
-1.063047
1.494519
-0.840803
2.397274
0.319434
1.707658
-2.562827
1.330181
-0.580971
1.193214
0.426594
0.230732
3.154265
-0.746681
3.120113
0.521148
0.643375
-2.092626
-2.614690
0.380340
0.256739
-0.478738
0.986991
-0.223708
0.027395
-1.685264
-0.952459
1.109297
3.535052
1.266465
1.004050
1.963746
-0.901633
-0.139047
-0.368092
0.100165
1.374004
1.876574
-0.701713
1.736800
3.117896
1.422592
-0.883998
-0.107001
-0.567726
0.822787
-1.067183
1.093472
0.535848
-0.135918
0.970718
1.085703
-0.461931
1.013366
1.708936
0.218548
1.384201
0.184075
-0.601476
1.909997
1.182463
1.046828
0.584589
-1.105614
-0.851356
1.925374
0.912631
3.651491
1.201411
2.844745
1.191503
0.253117
1.119464
-0.566125
2.216949
0.406279
1.596214
-0.650027
-0.690518
-3.324062
2.803518
0.395224
0.026232
1.416174
1.028537
2.519481
-0.641874
-0.673398
-1.570400
-0.946955
1.581143
-0.162732
-1.195423
0.833784
1.392395
0.791581
1.043638
0.729243
-0.596732
2.050780
-0.804454
0.157820
2.348617
-0.282839
1.254776
-4.022802
1.917884
-1.156999
1.879929
-0.009305
0.194602
-0.525820
2.670731
0.413908
0.529770
0.339320
-0.907379
-0.247563
2.425753
2.287263
0.033708
1.325104
-0.861677
1.062050
0.431334
1.256714
1.850587
1.161547
0.354542
1.711419
1.518057
-1.722631
1.319748
-3.657737
1.449766
0.391580
-0.195123
1.612408
0.245561
0.541844
2.739186
-0.042645
0.545399
-0.010586
0.582387
1.641603
1.617939
0.922453
2.261450
0.858248
1.864677
0.766243
-0.561100
1.128463
-3.386291
1.729327
1.983985
0.203477
0.027613
1.659888
-1.275758
1.091425
3.048455
-0.839162
-1.457149
2.731940
2.171106
1.222627
-1.163299
2.319461
3.484332
1.174895
-0.552040
1.435268
-0.684408
0.050930
0.791846
0.435408
-0.042620
1.015498
2.186551
-1.555389
-0.372900
-1.102615
-0.716380
2.210169
0.758613
1.660656
1.705490
2.139345
-1.499888
0.560616
-0.967833
0.170595
0.230044
-1.023143
0.995797
2.330191
-0.136036
-0.998255
-0.614041
-1.914642
-0.084788
-0.022054
-0.071336
2.248641
-0.350315
1.545428
0.593422
-0.517920
-0.379461
-1.353553
0.115102
0.540060
0.253810
-2.073403
2.429259
-0.064960
1.672769
0.471871
2.535273
-1.124685
0.098652
-0.461529
-1.549890
0.122255
1.014229
-0.057636
-0.497395
1.467897
-2.089376
-1.938512
-2.145744
-1.111330
-0.849080
2.203930
3.347807
1.010370
-1.522957
1.955340
-3.397122
1.738246
0.140249
0.713909
1.321452
-0.991116
2.200719
-0.898148
-0.415053
1.402903
-2.634869
1.371936
0.242436
0.238404
0.486299
1.163055
4.966214
2.383150
-1.914376
1.176887
1.120441
0.668383
3.048990
1.907233
0.821958
5.096664
2.105172
-0.101856
-0.534141
-1.322914
-2.575814
-0.716812
-0.719761
-0.287179
1.009533
3.573515
1.459882
-1.462707
-1.028889
1.299689
-0.330025
-0.006999
0.960073
-0.836197
0.213573
0.325208
2.796382
-0.382144
-0.910446
-0.419927
2.585374
1.395695
-0.193658
-1.752316
0.436091
2.914190
-1.314436
1.099891
2.563100
0.188357
-0.320315
0.284908
-0.158778
0.687685
1.184146
0.388977
0.963085
-0.395906
-0.939836
2.223302
-1.491318
2.149956
1.178110
-0.059109
-1.463032
2.924911
3.836336
2.321725
1.216312
0.194311
-0.699256
0.979114
-2.198618
1.417504
0.305460
0.854491
-2.069470
-1.489811
-0.503662
0.296720
1.006449
2.288026
-1.238420
2.002626
0.541649
0.525365
0.483302
2.271144
-1.359393
0.993259
-0.185591
0.885150
-0.051257
0.838033
0.848203
-0.323373
0.321178
2.646907
1.479520
3.075143
1.197580
1.606381
0.393902
0.894034
0.343264
-0.074128
1.609761
1.098891
0.903317
2.062778
-1.967295
2.415714
0.397101
1.367852
0.427450
1.807361
-3.546487
-1.209274
0.982037
-0.334229
1.923898
-0.202436
-2.405622
-0.188242
4.146478
1.439431
0.459858
2.882006
0.432198
0.978445
0.156439
1.483970
-2.073879
1.332465
-1.282966
-0.088622
-1.843125
-0.905297
-0.744597
1.199237
0.318024
0.824708
-0.371797
-0.722536
-2.618659
0.680475
0.980942
-0.164292
1.457592
-0.200360
1.356506
2.002541
2.074434
0.098760
-1.842748
0.909711
1.384782
1.100709
1.589810
-1.370612
-0.120284
0.708633
1.535123
0.886438
-0.918584
-0.600788
2.938293
1.411593
-0.049389
0.298659
0.081663
-2.133608
1.208745
1.660167
-0.021198
1.131502
2.408374
0.718707
0.705586
-1.632735
1.451973
-0.857122
0.726360
0.131260
1.263709
-1.857751
-1.612290
-0.327192
0.554292
1.470024
1.506413
-0.741400
0.788152
-0.841874
3.578449
-0.682029
-0.487230
1.212821
2.216836
3.508618
-4.470358
1.347382
0.740107
0.827865
2.964892
2.010804
-0.237601
1.157609
0.183081
0.756225
2.850641
0.622169
2.744742
-2.865866
2.103193
-1.554726
-0.130174
-0.507987
-0.183002
-0.207335
-1.588707
1.617992
2.130145
1.239833
1.937523
1.813736
0.768705
0.625014
3.286204
0.940745
-1.169123
2.321204
-0.456265
-0.835001
1.576150
-0.000973
0.042611
0.424935
0.819736
1.322271
1.212630
1.909596
2.811840
0.687916
0.323907
3.412626
-2.567230
2.141790
0.080050
-0.928029
2.761010
-1.071562
0.707212
2.040941
0.730902
-0.226059
-0.425853
2.718504
-0.747979
-1.409557
1.387619
-0.106506
0.478972
-0.795714
0.746944
-1.275249
4.173446
3.220836
2.051862
1.060713
0.066719
-0.297610
-0.763606
1.630444
1.354279
1.545266
-0.112656
1.211922
0.094300
-0.677826
2.419608
-0.639099
0.866408
0.034420
1.804839
-0.789313
-0.352092
0.315593
-1.908470
-1.892637
-0.598793
0.885518
0.943540
0.604529
-0.706925
-0.276983
2.005950
-2.522238
0.360523
0.469128
-2.752948
-1.189519
0.797921
0.395474
1.077714
0.140621
0.598662
-1.977358
0.445964
2.261614
-2.696527
1.996930
1.833633
2.187671
-1.123479
-0.508009
0.332874
2.582554
-0.981596
0.543513
1.968556
-1.125144
1.727353
0.049421
1.944832
-0.223456
-0.518923
0.969563
-1.844249
0.940983
1.521239
-1.174224
1.195211
0.948536
-0.642960
-0.200899
-0.340226
1.153652
0.035538
-0.757577
1.980320
3.031437
1.415304
0.563460
0.299941
-0.876122
-0.929795
0.084248
-0.836163
-1.661288
1.338329
1.261916
0.511882
-2.750304
-1.647800
0.563672
-0.852907
-1.088473
0.975597
-1.165539
0.094512
-2.614745
1.887918
0.519794
0.293345
-0.559389
1.446818
2.259715
-0.156330
0.426947
0.186863
1.069048
-0.171808
-0.303349
2.091420
1.096488
2.768459
0.372083
0.866515
0.295507
-0.449942
1.537053
0.823401
-1.156524
0.069516
-0.806084
0.634715
0.760064
2.147285
4.485773
0.520449
0.960803
1.084863
-1.690292
-1.886429
0.798191
3.069663
-2.909389
-0.469369
0.680760
1.345647
0.723253
1.128602
0.542804
2.198948
0.665843
1.734704
-0.121653
1.610379
-0.556697
1.257433
3.368746
-0.596518
0.899567
2.301506
1.007121
0.467918
-0.617416
-0.902648
1.690102
2.227504
1.191190
-0.701423
1.150885
-0.947424
-2.611795
0.918142
-0.270406
-1.912099
0.289377
0.445465
3.134290
0.697408
1.046215
0.456016
1.819355
0.587482
0.282907
3.594664
0.544655
-0.937650
0.869542
2.019570
0.081663
1.584305
2.264246
-0.944345
-1.229421
2.155690
3.548526
-2.704617
-1.842041
1.616938
-0.143851
-2.823950
0.632482
2.261542
0.730145
1.413889
0.192348
-1.043946
-0.439718
1.136200
2.150509
3.217947
0.217037
-0.436572
-1.083074
0.345777
-1.296036
0.675578
-0.380901
-1.097691
-0.453514
-1.419871
3.009155
2.358865
1.583596
0.650378
-2.617489
0.694677
-1.061773
1.297475
0.806320
2.398674
0.637878
-0.842911
0.462620
0.912717
1.410827
0.307964
1.551644
-0.023359
-4.971195
2.867255
-0.651239
-2.566499
1.070989
1.118542
0.889903
1.927817
1.319968
1.653558
-2.359981
0.376971
-0.401412
2.123558
1.477576
1.834403
-0.349297
2.295397
1.658910
1.478078
1.760076
-0.465242
-0.806507
-0.905816
1.001429
-0.098650
0.920025
0.763397
0.147342
0.346396
-1.407435
1.534723
0.710326
-0.892929
0.969578
1.328407
0.975454
0.804836
-3.961598
0.350540
2.108761
-0.412254
2.410092
1.031856
-0.407159
1.517463
0.470581
0.466884
0.006423
2.075569
-1.402499
2.112242
-0.166924
0.965836
3.444265
0.704755
-0.848776
-1.351831
0.134206
1.850569
0.087248
-0.785394
1.004865
-0.062137
2.085002
-1.212906
0.613610
-1.430439
-0.077278
-1.995419
2.465908
0.973575
0.358332
-0.457138
1.736964
1.826351
-1.040263
-1.356997
1.544944
1.695696
0.760767
-0.107567
1.741261
2.081373
0.368550
2.112680
1.723882
0.758987
-1.606929
1.223292
-2.011627
2.114535
2.080872
2.717793
-1.542372
2.287223
5.181072
0.421354
0.449070
1.016559
1.054005
-0.299217
1.070185
-0.085822
2.567224
2.138078
2.150961
-0.103286
-1.990949
2.382371
-0.048609
0.962319
1.493301
1.114619
-0.203340
1.666065
1.731771
-1.270078
-0.697449
-1.631464
1.183195
0.267836
-0.795787
-1.240736
3.405131
1.240835
1.048810
1.685405
0.760198
-0.237970
1.069153
1.860876
2.529290
0.080692
-0.100515
0.452054
-0.724546
-2.280176
-0.415562
0.778752
-1.402169
0.145584
0.707938
0.312218
1.497272
-1.005407
3.186299
-3.450122
1.282482
-2.133965
1.301619
1.001328
-2.821400
-0.970996
-0.332333
0.189655
-0.484447
0.557658
-1.883956
0.067671
0.158405
-1.816385
3.447875
3.274620
2.228120
1.271606
0.230340
-0.103006
2.023015
0.811163
-0.844362
3.822022
-2.123995
0.859324
0.595570
-0.068937
0.919391
2.210179
0.417891
2.652288
-0.295307
0.796302
1.325870
0.125031
0.676105
0.102882
1.912459
-0.936630
-1.340198
0.281845
-0.434851
-0.556149
-0.805835
1.447919
1.537781
0.894037
2.765268
0.899185
1.600101
-0.612831
0.258634
-0.420985
-2.543035
1.584259
0.864670
1.666402
-1.335510
0.454363
0.391297
0.230636
0.400052
-1.106538
1.534429
-1.210408
0.079392
-1.540905
-0.355137
0.890935
2.413609
-0.351742
1.580637
-0.215265
1.987626
2.974431
-0.122909
1.027206
-0.932648
-0.826194
-4.082688
0.753537
-3.084367
0.840322
-0.785520
-0.407787
-1.140768
-2.503461
2.171015
0.503125
-1.445329
1.467965
-1.480533
2.467971
0.466810
-1.867227
1.674744
-0.052881
1.344247
-1.444833
-1.344653
0.216735
0.223812
-3.109397
-0.454190
-0.987866
-0.449030
1.337014
0.416104
2.962180
3.289134
1.200463
2.797158
2.207695
-1.785012
-1.181868
0.246058
1.794272
0.739637
0.343201
1.016363
1.354970
0.570099
2.650943
0.596585
1.398282
1.302841
2.483442
0.617173
1.467043
1.340618
-0.834581
-2.446621
1.583601
2.137263
-0.111401
-1.735861
0.160536
3.176440
1.233908
0.003774
0.071059
1.475713
2.142003
0.306018
-1.530598
-0.157551
0.110360
1.464783
-0.592317
-1.840772
-0.755622
0.360766
0.567496
3.290110
0.922052
0.134425
-2.463081
0.312819
-2.472174
1.358973
0.174799
2.779804
1.884462
0.913532
1.257809
-0.857207
1.219460
3.588353
-0.341834
-0.686316
-1.922631
-1.273885
-1.932615
2.450253
-2.021846
1.026284
2.415049
-1.503946
1.482579
2.185974
2.620574
1.894880
1.610477
-0.774816
1.674513
-0.923775
-1.360048
-0.350858
2.473170
-1.065364
0.187478
-1.591148
2.125388
0.439492
2.100551
-0.694471
-3.618896
1.381723
1.364817
-0.167905
-1.097444
0.754387
0.308743
3.938450
0.058243
1.720462
0.911994
-0.930478
1.707767
-0.624485
2.842291
3.176194
2.553716
3.159954
-0.383636
-0.949471
-0.638599
-1.190804
1.737644
2.691242
-0.196571
-0.459034
-0.230856
2.231361
-2.426785
-1.401432
-0.744599
1.029570
0.906359
0.134198
2.275505
0.099851
-1.329006
2.480774
0.707983
-0.099611
2.175567
0.170525
2.137445
0.898588
-0.785877
-0.515085
2.857380
0.835647
0.952855
-1.477186
-1.190693
-0.546019
1.281236
0.433166
-2.018209
0.775127
-0.265980
-0.159132
3.438559
-2.527772
0.660458
-0.299871
1.689836
3.654525
-1.634035
0.247131
-0.413850
1.456601
-0.932478
-1.170168
0.196728
-2.459604
-0.603368
-4.088679
1.417739
2.130484
0.403522
0.634866
-0.006088
3.076523
2.359982
0.490668
-0.280662
2.573975
-0.117311
1.365304
2.794183
-0.448520
0.908408
-0.537068
3.625402
-0.462426
-1.626062
1.212758
0.432076
2.650806
0.951372
1.026723
-0.185873
2.128043
0.345602
1.026350
0.190153
2.453656
1.511535
1.338548
3.499715
0.322834
2.012258
-1.420978
1.096863
1.031153
-1.189620
0.943344
1.323791
-1.860195
-1.206386
2.264309
-1.052601
2.082558
-1.955453
0.712232
0.317848
-1.315759
-0.177002
-1.667238
1.317751
0.140215
2.670474
0.585235
1.741466
-0.145234
1.378831
-0.958823
2.278212
-1.731686
-0.060839
0.593532
1.952255
0.271234
-1.022118
3.024343
0.507288
3.225593
0.134061
-0.544120
-0.185452
-2.025626
0.499490
1.407713
0.511558
-1.009641
2.912795
2.565837
-0.867867
1.310463
1.999654
1.774319
-1.022003
-0.597575
-0.705673
0.143888
1.529099
0.365453
-2.463627
2.662117
-4.378227
-3.733033
-1.198782
2.731138
1.247992
1.525124
0.165792
2.107312
-1.531799
1.030839
-0.526159
0.276247
0.777079
-0.747249
0.325140
2.627393
0.028333
-0.049695
2.009504
0.939839
0.299421
-1.285101
-0.843609
1.343278
-0.420734
-3.020950
1.795056
-0.128974
0.878986
1.875644
-0.627656
-1.095812
-2.184234
0.305564
-2.210746
0.552610
3.084322
2.637511
1.448697
0.171549
1.494047
0.417217
-0.292511
2.534990
1.538284
-1.297851
1.805297
-0.119093
-0.342648
-0.167782
-0.656641
1.136664
0.959031
0.288720
1.497040
0.673159
2.678255
1.004567
0.211401
2.173871
-0.810595
0.787184
-0.336358
1.189394
0.182612
0.237868
1.698440
0.776370
-0.653816
1.764803
3.365472
-0.978359
-1.339104
0.022996
2.646183
-0.415084
-1.172369
-1.083924
0.839648
-3.482608
0.022300
0.241675
1.406998
0.066782
1.658268
-0.844010
3.789337
2.913213
0.010180
4.219286
0.267930
-0.257205
-0.557461
2.001850
0.572090
0.184997
0.538501
1.168725
0.712740
1.681677
0.796689
-1.084162
3.608175
1.071027
0.553083
1.210080
-0.461249
0.841523
0.474091
-1.329210
-0.033579
0.754524
-0.504491
3.944873
-0.903655
-0.597363
0.182105
0.399547
1.159471
0.481536
0.522641
3.305617
0.612855
0.372669
-0.156102
-0.619290
-0.459483
-1.023754
3.010725
1.328421
0.101476
-3.251033
-1.155198
-0.690876
-2.232136
0.755617
-1.257662
0.641014
-0.045093
0.738572
0.775981
3.529824
4.344154
2.033872
3.146889
-1.652190
3.023396
1.282192
1.212082
-1.311542
-1.680275
2.119686
2.423808
0.312630
-0.322479
1.391697
1.569818
-0.433072
-1.481216
2.286549
2.797810
2.090939
-0.114067
0.633708
2.769894
0.612259
2.860967
1.323624
1.450364
1.562846
0.131517
1.023859
0.041911
1.800572
1.615230
1.858494
2.515281
2.641030
0.998738
1.610664
-0.976025
1.095383
1.249376
1.001013
0.224695
-2.628215
2.117747
0.713754
-0.061977
0.496456
-1.725383
-3.262030
-2.371114
1.291233
0.026609
2.740080
0.347814
2.110625
0.894003
2.947779
3.161056
-1.094814
-0.394349
1.482114
-0.806953
1.356619
-0.446171
1.942086
0.900278
4.372162
0.246795
-1.606223
-0.771527
-1.159513
-1.170600
0.559356
-1.177677
1.040727
2.039551
0.396363
1.170683
0.033732
0.026203
2.869174
0.859825
-1.378003
2.886175
1.865294
-0.732620
0.154697
0.158128
-0.922294
1.259013
-2.514736
1.887440
1.172267
-1.174519
-1.304026
-0.338857
-0.336769
1.357713
0.451287
1.680989
-0.196306
0.092847
0.117572
0.443221
2.840988
1.507264
0.238451
0.639132
-0.434868
2.654521
1.676837
2.390486
1.172221
1.756289
0.861286
0.478365
1.071027
-2.627021
3.141512
3.217339
1.007943
1.276372
3.112225
0.640809
-0.363566
-1.231970
1.225678
1.755789
0.440532
-2.054807
0.616997
2.191266
1.292481
-0.850255
0.449805
-1.547422
-1.109796
1.843957
0.414752
1.872341
2.229587
-3.098445
0.612008
1.409345
-0.621617
0.335607
0.520995
-0.700446
1.706623
-0.977988
0.043844
1.993968
1.266859
-0.069666
0.912659
-0.330868
1.002565
1.843937
0.323694
1.290137
0.431688
4.835336
3.797065
0.694905
0.122409
-0.810641
-0.146349
1.746808
2.735664
-1.733634
-0.439333
-0.081992
-0.194950
1.562761
1.965195
1.595232
0.598946
-0.663052
-0.087980
-2.054274
0.571949
-0.061542
-0.364980
-0.607509
0.522057
0.583071
0.644692
0.578366
2.248392
-0.686798
2.577692
1.468431
-0.338848
0.230495
1.626327
2.271374
0.527583
-1.166956
0.618529
0.764092
0.229768
2.453115
0.118680
1.299018
2.022195
-1.717465
-1.030789
1.074130
0.896079
0.520354
-1.954906
3.936386
0.146683
1.758713
-0.986804
0.687268
-1.176342
-1.190068
0.291723
0.377594
0.115510
2.612989
0.979400
2.817759
-1.350111
0.130595
1.304119
-0.303984
1.303799
0.790096
0.898253
2.065783
0.515716
0.661110
3.480432
3.865412
3.060519
-1.711537
-0.665042
0.789767
1.458355
1.157154
0.508865
2.198665
-1.482413
1.321553
2.306455
0.737676
-0.228861
0.397458
-1.838261
-0.313702
0.812394
0.573202
0.942556
0.363986
1.669112
0.660743
1.761904
0.889014
0.621877
2.802572
0.364652
-3.269394
0.703710
-0.999441
1.175049
1.559601
-0.678591
1.587221
1.744894
-0.132456
0.833010
1.342820
-1.562725
1.763978
2.353012
1.401810
1.902058
0.908409
3.811887
1.094947
1.375803
1.278718
0.802581
-1.329023
-1.724790
0.520386
2.443198
-0.557230
0.934361
-0.336909
0.303666
1.324849
0.024866
0.081344
0.828388
2.496239
1.196332
-0.116135
0.535719
0.658390
2.293699
-1.794451
0.908215
-0.774412
1.513355
0.171620
0.083513
3.056972
0.906832
1.939302
-0.506431
2.276821
-0.608583
1.327360
0.374740
-1.710949
-1.831965
-0.163260
3.237801
2.611673
0.989713
-1.440600
-0.407802
-0.242930
-1.335929
0.694129
0.288660
-0.528647
3.236559
-0.076523
-1.429117
0.216714
1.107919
1.594958
0.139047
2.748974
1.885090
0.902618
0.672538
-1.624322
0.519645
2.508071
-1.127728
-1.521512
0.033124
0.211219
-0.802110
-0.797610
2.477725
1.262526
-0.174276
2.276617
-0.581591
1.504255
-0.322258
0.461098
-0.666208
3.609179
0.612621
-1.064158
0.400907
0.408799
2.315879
-0.989561
0.935242
-0.595545
1.461259
-2.171513
-1.294153
-0.208772
0.474947
-2.473753
2.070462
-0.516724
-2.128605
-2.383206
-0.093481
-0.340129
-1.214980
0.556770
2.146533
1.483661
1.059654
-0.204880
1.872792
0.691976
-0.422399
-0.342578
3.345811
-0.801291
2.995115
3.674582
1.349380
0.306804
-2.547010
-1.350128
1.483770
2.579799
1.215815
-1.940702
1.192076
2.309722
0.490636
-0.070778
0.182804
0.881066
-0.043810
-1.041867
1.061863
0.526387
-0.211069
0.264752
-0.096449
-0.075532
0.877850
1.255158
0.055227
0.378235
-0.102050
0.876591
3.656446
1.794658
-0.257828
-0.854215
-0.192270
-0.059760
2.330742
-0.493002
-0.513419
-0.876682
0.333260
3.079686
-1.875252
0.682135
4.059075
-0.454516
1.094424
-2.326553
0.051129
-0.211144
-1.662437
0.366996
0.913853
0.825012
2.102269
-0.056084
1.131492
3.243679
0.639516
3.652747
-1.890301
0.784259
2.828834
4.099041
1.081150
0.804841
0.930382
0.073354
-0.019360
1.543661
2.320424
-0.406492
0.918462
-1.228101
-0.347998
-0.037377
1.200019
4.029563
-1.807107
3.316788
0.496554
2.219232
1.413158
-0.118660
-0.563166
-0.035097
0.466120
0.112097
-1.928710
-0.662773
3.052842
0.366682
1.007018
0.438343
-0.744572
0.135978
-3.259638
-1.502260
3.149297
1.308945
2.716732
-0.452056
-1.900512
-1.028075
-0.010994
1.411767
-0.881646
0.222230
4.009295
1.001798
0.354442
3.204955
1.082007
-1.205514
1.302995
0.960241
-1.288358
-1.779866
-0.628783
3.069144
0.626260
1.017982
2.289458
-2.002732
1.962438
-0.324182
1.586030
0.333272
0.444870
0.268866
-3.213061
-0.524853
0.014378
0.135205
-0.012816
1.638272
-0.209052
1.135588
1.363477
0.607779
1.185001
-1.873318
1.123901
-0.147166
0.078819
2.615290
-0.049145
-0.608950
0.711425
0.079257
1.945955
0.742673
0.822614
2.076449
0.557372
-2.693636
-1.235217
1.528647
-0.380936
-3.549044
0.075102
-0.548280
0.179357
-1.888911
0.117971
2.033287
1.965285
-0.792674
-2.657239
-0.270481
-0.311263
-1.911992
-1.184355
0.431217
0.313164
-0.826416
0.442439
-1.004660
1.010401
-1.713908
-0.718147
0.665529
2.473906
0.986676
1.259983
1.726045
-0.869984
0.109498
-1.262540
-0.569175
-0.056041
-2.190913
1.036214
0.933267
-1.030213
1.055452
-3.389512
-0.462898
2.418558
-1.238839
3.167419
1.312342
1.643249
-1.083587
-0.243741
-1.406255
-2.078324
-0.914298
0.851817
1.131373
0.354920
2.262712
-0.893138
0.463955
0.720928
2.940779
-0.953378
-0.473106
1.063461
-0.289631
-2.577320
3.081189
3.498337
-0.055714
1.705886
-0.172002
1.403660
1.210104
2.281363
1.905713
-2.510787
-0.045713
1.784838
0.555772
0.194782
-1.473897
1.122237
-1.039617
-2.440487
2.675604
0.532568
-1.964173
0.586312
1.725248
-2.879140
0.054735
-0.460547
-0.960549
1.124349
0.044072
-0.094710
-0.860467
-0.363247
-3.426301
-0.377367
0.453047
1.892183
-0.888650
2.730004
0.295142
0.986019
1.269444
-0.632647
0.172448
-2.898527
0.134979
2.234585
-0.591786
3.559586
0.697202
1.260579
-1.388607
0.182066
0.654261
0.842712
0.866167
0.107516
3.315642
1.243678
0.349668
1.081522
-0.577654
0.631612
0.083974
0.771737
-0.570799
1.481937
0.333532
-0.138289
-1.050925
-1.150676
1.036190
1.204923
3.796665
-0.252488
0.132745
-0.872529
0.690779
1.780081
2.715712
0.317708
0.044835
0.295135
0.518014
0.892411
1.312816
0.043317
2.929372
-1.349372
-0.813427
1.366111
0.859918
1.854879
1.550763
0.057438
-0.072198
-1.034986
-3.103791
-0.973699
0.779562
-2.270703
1.185434
2.095393
-1.010680
2.845250
-0.780647
1.369083
-0.311603
-0.991720
-0.149987
1.242790
-0.180978
-1.400032
-0.884788
-0.229592
0.610102
0.692576
0.144375
1.114285
0.364596
1.380659
1.504299
0.833475
-0.914073
3.211129
2.344777
2.383637
1.894651
0.327848
1.452103
-1.085795
-1.979551
1.649092
2.434226
3.165706
-0.098642
-0.547385
-0.688151
2.605799
-0.040538
4.028961
0.645607
-1.480173
-1.751254
0.267435
-0.869105
-0.366807
1.064621
1.464645
0.637132
-0.327344
-0.725952
1.281706
-1.263724
-0.858290
0.450640
0.499785
-0.445952
0.867966
3.441949
2.722623
2.390695
2.512394
3.766902
-1.319066
1.540384
2.244156
-1.130206
-0.895711
0.413271
2.126808
-1.720965
1.941365
-0.926764
-4.231559
0.488256
-1.843124
0.416449
-1.190378
-1.209670
-0.967609
1.385261
1.419351
1.237106
2.908537
-0.849648
0.186627
-0.295702
0.271924
-1.917830
1.383464
2.154985
0.849234
-2.942768
1.852840
3.779297
1.836400
0.417705
-1.362227
0.068305
-0.197676
1.688875
1.687557
-0.197416
-2.387504
-2.076252
-0.410475
1.565344
0.268513
0.475460
-0.738411
0.520256
-0.659005
1.249536
0.023275
2.320945
1.364774
-0.500399
-0.612057
0.934225
0.702217
-0.102720
3.352912
-1.764107
-0.761205
-0.074751
0.937994
-0.064558
0.062123
1.158362
0.849114
-0.581367
-0.372439
2.041109
2.760881
1.346776
1.364501
-0.522566
-1.314295
-2.767910
0.588595
-2.158990
0.562760
0.640600
-0.420055
0.967331
1.987998
-3.010488
3.894640
1.692375
0.719403
2.098654
0.412482
-0.659201
-0.979034
0.815442
-1.473063
-1.462265
0.608446
-0.148573
-1.678881
-0.727966
-0.674738
0.683861
-1.820906
1.023001
0.136133
0.595913
1.373250
1.451233
-2.187231
-1.278965
-1.604275
-1.031099
-1.715566
-3.065001
-1.335083
1.193328
0.309168
-0.459525
0.257716
1.531765
0.228160
1.060889
0.143541
2.504939
-0.059394
-1.826425
-0.307673
-0.177120
0.397914
-0.254552
1.014657
1.668698
-0.372259
-0.690542
-0.178151
2.411916
1.744475
-0.443075
0.580434
-1.907334
2.025805
-0.290010
1.730737
1.706012
0.710567
-0.501265
-0.154584
0.880286
0.092262
0.312933
-1.622915
3.689428
1.330890
2.380404
-1.360993
0.737103
-0.850613
1.455204
-2.126233
2.674371
2.547047
-1.232222
-1.142618
3.247946
0.327784
3.124550
-0.716651
0.220819
-0.380111
-0.183138
0.320632
-0.071259
0.089114
-0.934092
1.205928
-0.178366
-0.231807
1.879594
0.166880
4.346738
-1.255237
1.273012
1.486124
0.862509
2.418696
1.493276
-2.536898
0.755762
3.322538
0.228256
-0.283148
2.281085
1.178477
-0.104257
-1.237133
-0.917000
0.376797
0.724999
2.647252
-0.728740
3.514835
-0.075836
0.953456
0.421780
1.650811
0.903649
1.120716
1.381171
3.609275
-0.413081
3.467563
2.056899
-1.119533
1.755183
0.475160
1.994090
0.245666
1.854064
-1.339746
-1.162788
0.683549
0.221861
2.534570
-1.186765
0.173723
-0.084826
-0.230430
0.530254
1.204700
-0.220220
-0.660604
1.787817
0.288054
-0.576197
0.189879
0.684655
-1.196776
0.517301
0.501628
2.234965
0.731081
2.392945
0.854595
1.520330
4.020428
0.611768
-0.117784
-0.675073
0.587034
1.047202
0.216249
-1.475672
-1.494791
0.497221
0.587896
-2.249758
-0.222565
-1.138018
0.967689
-0.473220
2.025895
0.094102
2.985267
-0.333116
0.204592
0.681836
1.217318
1.657689
2.726506
2.733947
2.085109
0.571417
1.685149
0.154127
-1.952810
0.678009
1.327109
-2.923562
0.377668
-2.365825
-2.068752
-0.750481
0.353683
0.828216
-1.208314
3.588292
0.643544
0.195005
2.777393
0.119588
4.220078
0.213857
0.249673
0.043859
0.066330
0.837053
0.607947
-1.199703
-3.214262
1.165209
0.591747
-0.979713
1.230913
-2.532569
0.405185
-3.166139
-1.490394
0.936218
3.363531
-0.991016
-3.632658
1.886023
1.003942
-1.008897
0.509050
3.466619
1.041123
1.377619
-0.453350
3.057116
0.297197
1.266185
1.495844
0.925486
-0.811048
-0.336222
-0.112472
0.788015
0.944626
-0.193350
3.967062
2.407882
-1.706272
-0.170795
0.740825
-1.422829
0.575315
1.976886
0.581819
-1.985716
-2.512830
1.232064
0.410885
2.479018
-0.792679
-0.246937
-2.429782
1.209747
0.352084
1.311491
1.322182
3.097919
1.162645
0.758718
-0.472379
-1.445869
-0.653697
-0.453548
1.944922
0.815876
0.842458
-0.439164
-1.946629
1.131665
0.829179
0.089161
-0.802501
0.262439
1.344149
0.120505
-0.624543
0.535827
-0.705290
1.568832
-1.745687
-0.766354
-0.445446
-1.091470
3.128370
-1.281042
-1.558668
2.122221
2.535261
-0.332874
-0.505483
1.121596
1.335145
-0.423690
-0.455667
1.191375
-1.208961
-0.407801
2.040076
1.141823
-1.778736
0.280420
1.923187
0.692404
0.634250
1.961161
-0.447449
0.445209
0.019143
-0.203927
0.530427
1.567693
-0.952155
-2.293299
0.258116
2.480487
0.089663
3.371807
-0.071023
-1.367674
-0.357415
1.062360
1.274550
0.400652
1.093203
0.217989
0.873001
1.012971
2.199647
2.445939
-0.592039
2.049966
2.307298
-1.227503
0.196917
-0.143205
2.084804
2.359340
1.885445
1.354863
2.007944
1.679441
3.257404
-0.865364
0.216069
1.519135
1.219964
-0.152608
2.920086
2.352119
1.745168
1.743521
-0.981896
2.514310
1.454628
1.356305
1.113868
1.688982
1.601113
2.136231
0.953939
0.483367
2.127029
-0.235540
0.067355
0.636387
0.481408
3.372589
2.209559
0.007420
-0.033945
-2.577677
1.721587
2.452613
0.106408
-0.223187
0.254798
-3.523749
2.179295
-0.078742
2.536516
1.530380
-0.074491
0.872369
0.373163
0.299303
-0.415962
-0.262821
2.345649
1.408355
1.391542
0.689280
-0.653907
1.628734
1.845348
-2.497983
0.967310
0.573208
-0.303793
3.216176
-0.178547
0.603575
-2.366340
0.802196
4.103515
0.573712
0.011180
-1.537324
0.046749
0.732776
1.237961
1.120978
0.220212
0.982357
0.644538
0.268002
-1.072678
0.376430
-1.799894
0.422210
2.246234
-0.566072
1.433094
0.430260
-3.020018
2.297177
-1.309968
2.081660
2.066098
-1.621804
3.100375
-0.518377
0.715082
0.359044
-0.332277
-0.021478
3.011685
-1.223002
0.416212
1.470205
-0.248715
0.849244
3.710896
-1.504259
-0.021499
2.525829
2.861787
0.870750
-0.417423
1.611322
2.937604
0.494961
1.272488
-0.330952
1.425668
-0.502310
-2.279784
2.081483
0.782912
-2.179561
1.867983
0.654608
0.184818
1.278298
0.564990
-0.287013
1.854493
2.134383
1.852088
0.484380
1.858515
0.571189
-0.185171
0.650257
0.999714
0.904869
0.145426
1.757649
2.401118
-0.363611
-0.145482
-0.220504
2.465572
0.652950
0.008982
0.953015
2.123903
3.265259
-0.078312
0.506806
0.946853
-1.272721
0.036178
0.827951
0.410043
-2.585238
1.565336
0.725055
0.715186
-1.275691
0.046852
0.674496
-1.659053
2.981611
0.015286
-0.842965
0.289265
0.775621
-1.226049
-0.244005
-0.550219
-0.889267
1.976222
0.990313
1.670499
-0.333367
-0.383182
2.220655
-2.588833
-0.031254
-1.629522
0.580997
0.536661
0.653942
0.417275
0.525944
3.011920
-0.106457
2.058575
1.345289
0.343329
1.764408
-1.777941
0.875491
2.062271
2.086404
-1.295465
-0.491377
1.452035
-0.293805
3.637599
-0.508721
0.199836
0.508364
0.065422
0.431901
2.080859
-1.334044
1.995274
-0.340024
-1.214680
-1.726564
1.813602
0.806999
1.741886
1.822863
-0.128112
0.443116
3.367002
3.215468
0.619062
0.245023
-0.146696
-0.909054
-1.569696
2.909323
3.629146
1.586747
-2.402491
-2.823520
-1.887863
-0.444651
2.853867
2.033830
-0.565288
-0.431493
-1.096047
-1.015610
2.856687
2.672755
-1.070040
1.469135
1.077810
-0.162491
0.520152
2.764402
1.836453
1.656920
-0.487642
2.513057
0.134595
1.320442
1.527429
0.832413
-0.076754
-0.153803
1.641221
-0.253485
4.111956
0.285373
-1.335671
-2.047034
3.584762
0.608102
-0.220255
-2.426560
-0.572661
2.369398
-0.486917
0.148573
-0.436050
1.967346
1.728151
-0.964330
-0.288089
-0.321829
2.234417
-1.113296
2.439462
-0.410080
-1.698421
0.711246
0.554902
1.993293
1.601933
0.852191
3.353713
-1.311481
1.860040
-1.942325
1.360686
1.648903
-0.358788
-1.396059
0.452858
1.115757
1.120605
-0.058012
-0.148129
-0.434970
0.328314
-0.435885
-2.103227
0.581873
0.281332
0.703058
-1.037356
-0.027203
-0.162433
-3.179516
1.351717
1.209073
-0.613158
1.420887
-0.855993
1.622169
1.358856
1.926105
0.214439
-1.189250
0.187304
-0.007933
1.223346
1.032246
1.198557
-0.352020
3.818707
0.926189
-1.061562
2.929992
-0.682728
0.745574
3.333961
2.746537
1.515543
2.501655
-0.521880
-0.336272
1.938086
-0.812859
-2.465654
-2.163620
-0.586149
0.248549
2.614026
-1.997660
0.833213
-0.600244
2.961992
3.021349
3.107192
-0.916633
1.786116
1.347094
2.893978
1.120925
-1.886748
-0.101302
-0.589860
0.954027
1.337926
3.561614
-1.848949
1.776198
1.279362
1.120905
0.513763
-0.315095
1.137318
2.146519
0.595973
1.408230
0.623616
0.291083
-1.753711
0.436923
-0.650229
2.483425
-0.355883
0.361222
1.338077
-0.575890
2.303368
1.865412
-0.994412
1.830449
0.323460
2.055230
0.585237
2.721745
1.510975
2.835680
2.962965
-1.536635
-0.477559
-0.547006
1.448828
-2.645093
0.382485
1.211498
-1.222541
0.430651
0.546409
-0.424933
0.177870
-1.588002
1.859568
-1.428586
1.398176
2.576159
1.511907
-0.714905
2.320969
1.579594
1.790542
-1.135748
1.423181
1.314422
3.208641
-0.729957
1.922594
1.499929
2.008591
-0.107679
1.236670
1.552538
-0.837417
-0.894896
-3.041659
1.727610
0.059301
0.314647
-2.343472
-0.043730
-0.531152
-0.389955
2.416268
1.810981
2.873487
-0.451336
2.198466
2.094027
-0.941847
2.762706
2.429496
-1.099899
1.610137
0.716091
-1.721631
2.513119
1.023053
0.276828
0.575822
1.629316
1.772679
0.577476
-0.437367
0.892800
2.713509
-1.033793
-0.920693
-0.584526
-0.339850
-2.123303
2.032090
-1.660049
2.300033
-2.728517
-0.874357
-0.327882
1.520378
1.513153
0.996022
-1.087551
1.763083
1.212584
2.505629
0.375464
-1.000239
1.004262
3.947387
-0.942723
4.337478
-1.041403
-0.495222
-1.158530
1.193074
3.688348
-3.507482
-0.294608
1.446018
1.303867
3.576579
1.523680
-2.173927
0.610204
-0.273879
-0.587388
0.273675
1.264743
0.178252
2.716111
1.571287
-1.259346
1.340952
-0.865211
-0.432155
2.402023
2.078149
0.467982
0.973328
2.481221
-0.446060
-0.533684
0.898797
0.566880
-0.032151
0.289706
-0.404952
1.947520
-1.100351
2.609793
-0.643235
-1.189713
2.167306
2.469822
0.326910
0.862971
-0.807749
1.498632
2.241120
-0.240317
2.070067
2.246180
-0.002304
-1.834681
0.460797
1.574213
-0.619563
1.793583
1.953817
1.507971
0.277766
-1.421942
1.379314
1.514925
-1.994820
0.200679
-1.690542
0.845189
0.936805
2.235599
0.538942
0.056053
1.251075
1.683136
1.042565
-0.517106
-2.474373
1.882262
-1.373592
-2.132121
4.077081
0.684162
0.689857
1.133580
-0.225104
-0.745534
0.311377
0.939852
0.510229
0.035566
-0.564791
-0.925524
0.817096
-0.420235
1.909479
1.886746
-0.077436
1.171835
0.928974
1.565756
-0.871569
-1.280349
0.907366
-0.131017
0.548422
2.652644
-4.948737
-0.059161
2.484767
0.333649
0.401658
0.107704
-0.560076
0.323640
0.381157
0.689160
-0.669258
-2.273011
-2.146380
-1.534649
4.456973
-0.642881
1.974354
-0.252305
1.709977
0.367419
0.830889
0.436029
0.933940
2.120237
-1.593058
0.169788
0.786128
1.861161
0.517357
0.821060
-0.675647
0.681359
2.841752
0.229979
-0.267687
1.768746
0.156901
2.350452
0.960206
-0.290777
1.460874
0.098880
1.216563
-0.743059
0.060508
1.199868
1.311437
0.101207
1.214192
-0.878114
0.791243
2.355289
-1.584649
0.212259
-2.321528
0.668137
1.308175
1.418196
3.418333
2.007105
1.959901
1.746500
-0.636480
-1.487289
-2.421263
1.070159
1.884732
0.466060
-0.065814
1.081100
-0.651528
-0.179259
2.649048
-0.383339
1.375023
-2.667117
-0.093344
1.072599
2.944646
1.139731
-0.742257
-2.021699
-1.417288
1.316931
-0.083184
-1.112640
-2.339504
-0.322909
0.949183
1.323886
3.194411
2.936350
-0.009416
0.111069
1.189794
-0.505162
-0.019074
-0.044919
1.429842
-0.524728
-0.673564
1.518329
1.788573
0.103767
-0.357714
0.726226
-1.243475
-0.013695
1.325037
2.064222
0.186886
0.902831
-0.866545
0.348543
-0.877631
0.497999
-0.065553
-1.426260
0.499220
0.787664
-2.023240
-1.002846
3.203652
-0.200078
0.496058
-2.014171
-1.328231
-0.327595
0.637075
-1.477584
-2.024077
1.854400
0.467086
-0.801106
-0.969978
1.047770
0.668368
0.590727
-0.541402
2.868165
-0.918563
4.142581
-0.311231
-0.742466
2.782859
2.530368
-1.756062
0.919499
2.198459
-0.036662
-0.301508
0.361756
-0.138609
-0.517183
2.956318
1.001164
0.565561
1.603589
1.801478
-0.349417
2.185254
0.137996
-0.812617
-1.664105
1.091766
1.972287
1.813353
-0.538877
0.314272
1.038577
2.779835
-0.531717
-1.184487
1.826942
3.955164
2.654190
1.218236
-0.978243
1.857336
0.969526
0.189967
-0.537571
-0.167805
0.241772
6.430555
-1.111134
1.685744
0.117917
0.869708
-1.000208
1.829258
1.293654
1.674916
1.688757
1.848990
2.309359
-0.642757
-2.541682
-0.212652
3.668249
2.267566
0.209820
-0.394378
0.556124
-0.908739
-3.416766
0.303348
-0.356952
-1.951340
0.935477
1.080009
-1.235448
2.704401
-1.876232
-0.261976
1.767107
0.496891
0.591575
0.638633
0.049644
2.469588
-0.454058
3.187242
-1.190943
0.487118
2.550563
-0.906026
1.923691
2.470228
2.249016
0.332621
1.296553
0.641268
3.260324
-0.078202
1.794724
1.928390
1.748972
-2.021994
-0.024432
1.730340
-0.379600
-2.074353
-0.831758
0.290114
-2.378599
-0.464943
-1.741392
0.290038
-2.549352
0.604712
-0.718687
0.609822
-0.806073
-0.719887
-0.357408
1.959256
1.742477
1.080881
3.661972
1.817724
1.738372
-1.871038
1.501789
1.288649
2.873758
0.015036
0.913551
-0.390231
-0.498275
-0.099540
0.205612
0.807176
1.272983
0.679980
-0.376766
2.203408
3.270158
-0.421990
-0.421715
-0.399009
-0.615735
0.696757
0.104880
1.939193
-0.658693
0.835302
0.548421
-1.079713
-0.371059
-0.113235
1.316116
-0.276362
-0.771486
-1.285402
-0.637926
-1.069646
0.994665
-1.025808
0.668459
2.511223
-0.551459
1.454380
1.047225
1.300940
-2.052224
2.248820
0.905051
-1.340551
-0.120584
-0.381828
-1.145837
-0.594083
2.771504
-0.944469
1.361139
0.780077
1.302818
-0.323218
-0.710737
2.714785
0.252005
-0.081329
-0.265473
1.749676
0.629056
-0.160724
1.481747
-1.571345
-0.803871
-1.227296
-0.077297
-0.059688
-0.765144
2.591809
0.694560
1.440955
0.957339
-0.529669
-0.096155
0.906669
2.109903
-0.581463
-2.833815
-0.136055
0.867598
2.014107
1.860639
0.954791
1.729077
-2.321092
1.585917
-0.167903
1.965590
-0.079162
1.355507
3.593691
1.198896
-0.313142
-0.390798
-2.176500
2.286628
2.031373
-0.368641
-0.485879
0.054748
-0.468471
2.253840
0.690221
-0.644380
1.807116
0.882725
2.111921
1.581707
-0.847870
0.648076
1.318717
2.377555
-2.082757
0.851117
-1.460557
0.724263
1.716594
-1.195095
0.912311
0.351871
-2.518883
2.185659
1.482273
-1.211365
-0.625887
-0.142818
-0.268547
1.749909
-0.078362
0.109087
2.455058
-1.857872
1.429937
2.501624
4.031786
3.912585
2.153752
-1.113507
0.756863
-0.174757
1.354949
-0.052196
-0.445422
-0.135955
0.837661
0.655828
-0.692284
-0.802626
1.720692
-0.820549
1.034060
0.861097
-1.201762
-0.342037
1.192361
-1.325086
0.942230
1.227921
4.009675
0.881417
4.248556
1.744408
1.024617
0.985752
2.877741
-1.453930
0.288055
1.298937
-0.164809
-3.291504
0.935954
0.477558
-0.281493
1.918013
-1.489716
-0.477469
-0.136800
-0.923552
0.872110
0.686670
2.918708
1.754816
-0.316974
1.902200
1.120164
-1.236219
0.137254
2.425687
1.579365
-0.854095
1.570217
2.877363
0.224533
0.544980
1.336118
0.631207
1.556647
-0.473935
2.612970
-0.346516
-0.248736
1.265205
2.502586
-1.409138
-0.762724
-0.218984
-1.220511
-0.772130
1.757090
2.091905
-0.541788
0.693379
0.966913
-3.040863
2.944206
1.310068
-0.179837
1.856984
-0.231874
-0.733694
-1.810232
1.888816
-0.283747
-0.320096
0.088040
0.740433
-0.915555
-0.350416
2.697259
0.555739
1.634735
1.628307
-0.662686
-0.424325
0.320726
0.425902
0.577588
1.540318
1.094271
-1.065179
2.492738
0.026733
2.001189
-0.698420
-0.324848
2.780837
2.537313
1.773546
0.845584
3.639026
-0.162866
-0.816254
-0.585185
0.453095
0.569530
-0.767192
0.347704
1.957798
2.383929
1.450266
2.452360
-0.778808
2.408569
0.898977
2.512716
1.958300
-1.495639
0.231634
-2.304776
1.191840
0.472997
1.791968
1.851859
3.164297
3.462492
0.317425
0.990298
-0.838257
-1.004957
-0.652463
-0.158306
1.435419
0.747307
0.974226
0.211898
0.167113
0.200548
1.484404
1.014406
1.057016
1.788025
-0.494072
-0.257436
2.050721
-0.169607
0.423032
1.875893
2.341921
-1.674258
2.050151
-3.289679
1.985187
0.762113
0.524538
-0.143802
0.164053
1.027756
-1.238016
-0.719708
0.390794
0.491198
-1.132232
0.477288
1.007210
-0.556684
-1.059578
0.913989
-1.580188
-1.362016
1.542389
1.172982
3.292385
0.133179
-0.615249
0.502025
1.631909
1.566454
2.059037
1.020544
0.025447
2.474355
-0.785991
3.505661
1.198324
0.204750
1.183206
-2.612245
-0.460992
2.101775
2.127182
0.946753
2.244513
3.475684
1.122817
-1.395591
0.888407
-1.392836
1.684796
-2.008943
0.182699
-1.015594
2.107519
-0.606662
2.621535
1.029127
0.289228
0.054640
2.587740
-0.201234
0.411912
0.258255
-2.324294
-0.339516
-2.257756
0.492636
0.201275
3.705871
-1.752489
-0.452754
2.015131
-1.098321
-0.517960
4.909239
-0.191751
-0.006961
2.644365
0.052756
0.822041
0.525850
-1.310044
0.414130
2.204897
1.408836
2.248402
0.484085
0.033937
1.412664
0.604581
3.020014
-1.078836
0.399560
0.479374
2.438861
0.860831
0.918843
2.534435
0.744040
-1.734776
0.237472
0.959530
2.713202
-1.180712
-0.837703
0.101691
1.531415
-2.633295
0.554416
1.556551
-0.399494
1.828142
0.273724
1.122271
-1.632410
0.094541
-0.169445
-0.107097
0.158037
-1.929048
1.418884
1.691026
0.276108
-0.008609
-1.099576
0.272097
0.400643
1.889450
-2.004054
0.773803
1.794789
1.368880
-0.270885
1.426125
2.344452
3.380719
-2.469183
2.279739
-1.051155
-0.832790
2.501833
1.867580
-1.876630
2.320709
1.989050
0.586090
3.244048
0.022679
1.797645
0.323483
-0.952716
-1.820065
-1.826147
2.229130
0.147330
0.997733
0.540805
1.203664
-0.423465
0.654600
-2.589712
-1.525648
1.751412
-0.489216
0.956850
1.957212
2.554454
-1.701969
1.898743
2.244557
1.015468
2.635310
-1.512640
-0.492751
1.774813
1.539917
1.586862
2.183512
1.401430
2.985357
1.937178
-0.711297
-2.349983
1.221563
-2.162278
0.129678
1.463094
1.990893
-3.571868
3.888883
1.164811
1.100305
2.194307
-0.419565
-0.707160
-0.883379
-3.184558
1.039752
-2.160160
4.408038
-1.229459
0.084841
-1.076755
-2.582110
-0.630581
-0.321989
2.414310
1.415961
0.438059
-1.003460
1.966903
-1.324723
1.139951
0.998753
-0.797390
1.956016
-0.149885
-1.565511
-0.006028
0.403210
-1.058053
2.707572
0.690872
-3.647126
0.626838
1.307317
0.859942
-0.436934
-1.499492
2.795558
0.278968
2.740231
3.711298
0.243391
2.537189
1.201778
0.900518
0.640110
0.213902
0.533988
-0.034570
2.974069
0.983320
1.391359
3.035934
1.680782
-1.772336
0.824010
1.303133
-0.311671
4.333355
-0.641787
0.029752
-0.275196
-2.023906
-0.787069
-1.612377
1.026016
-0.095669
1.158428
0.485450
1.744409
1.945032
0.557472
-0.219705
0.932443
3.859553
2.234324
-2.164132
0.950524
0.387700
0.871363
-1.053377
-0.059303
0.985214
1.969656
2.163156
0.121342
0.834405
0.699108
1.473120
0.527759
0.046604
1.959721
0.095248
3.932875
1.240538
-0.986401
-0.125467
1.376210
2.534246
1.024569
0.839860
-0.639118
1.030545
1.507930
1.322210
1.373596
1.295620
-2.105128
2.211172
2.468410
-0.676691
-0.270900
1.016732
0.674480
0.257879
2.205940
1.481877
1.449511
0.175319
-1.319643
-2.300663
0.268113
2.771115
-0.166603
2.253221
6.297174
0.479150
0.365406
-0.170620
0.334417
-0.848541
3.449942
0.009994
-1.811094
0.580843
4.672083
1.355655
1.838266
1.675844
1.125743
0.025890
0.819102
2.278088
2.130406
0.320202
3.569833
3.700880
3.723859
0.886333
-0.044632
2.364238
-0.094606
-1.190316
-1.540699
0.881585
1.558019
0.985115
0.698375
2.308740
-0.273625
0.316968
-0.151295
-1.793143
2.186361
1.662197
1.963396
2.142805
1.568602
3.870365
1.747183
-0.104976
-2.227993
-0.679846
1.635835
0.357957
-1.812761
0.572818
0.758213
-0.631058
1.507176
1.837190
0.317375
3.291453
2.202245
-0.322752
-0.713859
-0.861006
0.563557
1.374103
0.107333
-1.335648
1.023843
-1.481085
-0.583956
-0.884125
1.070004
0.762375
0.617648
0.622513
2.378707
0.534485
-1.727855
1.580148
-0.414037
0.585124
-1.072415
0.440884
0.149803
1.623233
0.786432
-0.680170
0.725352
6.005463
0.739780
0.136512
-1.113430
0.364818
-1.070183
1.443251
0.670089
-0.181959
0.173169
0.617781
-0.805859
-1.284841
2.122230
0.846400
1.606433
0.849328
1.829805
1.372929
3.374405
-0.057982
-0.925900
0.184752
1.582868
-1.354254
0.804468
2.554877
-0.290360
-0.358249
-2.006417
1.723423
0.423310
1.223567
-0.172375
-1.365880
-0.940004
1.394453
-1.376600
-0.503000
-1.781148
2.173366
0.262659
0.354210
-1.270451
0.052962
0.517828
-0.232080
0.603575
-0.446953
0.862024
0.780381
0.161349
-0.041334
0.163112
-1.426438
1.281640
-0.958636
-0.736715
-1.435059
1.250952
-3.129804
1.977462
-1.556101
-1.040518
-0.665194
2.277827
0.761031
0.761296
-0.093865
-0.731780
1.157424
-0.275853
3.227206
1.915788
2.313719
1.187902
0.125632
0.002994
0.598565
0.085532
2.458001
1.034020
1.286443
3.622009
1.543558
-1.064728
1.464147
1.556161
1.679654
-0.756477
1.065188
-0.051024
1.315488
3.367822
0.572106
1.706740
3.461166
0.315781
-1.516275
-0.803130
1.578183
1.502077
4.336874
1.211875
1.647969
-0.004428
-0.946054
-0.076625
1.192502
0.796257
-1.072871
0.843160
3.432375
1.213437
1.740998
0.888094
-0.837086
0.003422
0.196466
1.745584
3.114871
-2.738103
-0.202479
3.139227
-0.153346
-2.604577
-0.621482
0.796497
-1.414736
-1.810012
0.084165
-0.492073
0.753923
0.605254
-0.628250
0.352522
-0.510182
-2.812755
-0.324460
1.596417
-0.792741
0.367281
2.020365
2.479657
1.050527
0.562726
-2.252116
-1.332368
-1.695242
0.144402
1.038265
1.793001
0.049222
0.813697
2.268305
-0.482209
1.118556
0.785135
-2.808193
2.106120
0.033161
2.806782
1.184249
0.544870
2.122010
1.848233
2.277862
-0.628476
-0.911885
-1.014701
-0.139434
1.140002
-0.375625
2.955049
1.405028
-0.248159
1.658798
1.013642
-1.011571
0.665900
-0.457073
2.856395
1.012585
-2.294777
-1.201950
0.217337
2.179511
-0.005217
1.033852
0.513396
0.779599
1.452534
-2.479251
2.733084
0.125814
-0.831945
0.814462
-0.839784
-0.687336
-0.975963
1.032086
-1.116445
-0.336218
0.203503
0.046769
-0.183111
0.180050
1.424711
0.239814
0.578741
1.831928
-3.508179
2.319824
0.649124
0.465174
0.127690
0.320003
-0.974008
1.133134
-1.707304
0.971413
0.944900
-0.545511
-1.169598
1.070584
0.499972
-1.504166
1.756240
3.255297
1.972094
2.180650
1.926874
3.149352
3.528402
0.393838
0.845633
0.803327
0.026659
0.050112
-0.672794
-0.080876
1.303875
1.582175
-1.152226
-1.255998
-0.613582
1.654158
0.264443
-1.257814
1.302282
-1.846270
-0.947845
-0.351202
-0.948805
-0.252915
1.108278
0.323446
0.387325
-0.788275
1.007398
1.239730
1.474149
1.523350
-1.110674
0.882318
0.060386
1.300082
1.640490
1.168840
0.254118
2.075387
0.473919
1.197553
0.741424
-0.042906
-0.593162
3.044217
2.166515
0.348350
2.945589
1.851825
-0.731794
1.555343
0.087617
1.685499
1.717406
1.769301
0.778818
3.361252
1.842512
2.027542
1.148198
3.012741
-0.106822
1.662997
0.771494
1.374407
-1.059272
1.926110
1.874444
0.498731
0.574142
-0.524532
0.132258
-1.326773
-2.323231
-0.821903
3.062935
1.059790
4.126478
-1.172158
-4.127905
0.764339
2.563225
-0.649127
1.605541
-0.083785
-0.581881
1.165605
-0.240352
-0.029156
-0.959575
0.772544
1.382530
2.365024
-1.806975
1.911104
-2.904984
-1.787454
-1.128927
1.844891
-0.169158
-2.753865
2.583702
0.379087
2.396351
3.378062
1.201330
-0.665179
0.239548
1.354339
1.932003
-3.135101
-0.823836
0.587861
1.588027
-1.853522
-1.225608
1.927476
1.462929
1.258834
0.701332
0.331204
1.177721
0.604152
3.239645
1.443895
0.699887
3.303974
0.171968
-0.022434
-0.228937
2.426478
1.345694
1.276999
-0.696454
-3.053145
0.366268
1.764471
2.550367
2.606420
0.247606
-0.371725
0.502550
1.382173
-0.803475
0.310690
-2.970764
0.363227
0.798133
1.809631
-0.959474
1.941012
1.774322
-0.681686
0.637252
0.495378
-0.845043
1.243510
1.265217
-0.696686
-0.136883
0.811796
1.355890
1.940657
0.182238
1.690531
-0.405624
0.415171
1.308024
-1.390783
-1.235938
1.928746
2.344767
-0.914681
2.655663
1.660680
2.944780
1.919397
0.893098
-1.814049
3.713959
0.797314
0.177141
5.047472
-0.974086
0.205400
-1.286584
-2.033766
0.967563
-1.619120
2.333620
1.582831
1.969673
4.281646
1.221381
-0.053564
0.295007
-1.579986
3.175208
0.602386
1.995720
1.306140
1.014317
0.367679
1.456402
0.613032
1.765520
2.318563
-0.173873
0.512116
-0.130249
-1.560534
2.105149
-2.446596
-0.268909
2.382929
-0.231562
-0.087852
-0.485299
2.258044
0.058391
2.253724
-0.981529
1.470560
1.142853
2.062048
1.495617
3.203662
0.752739
0.630913
-0.378325
1.373644
1.515295
1.700085
-0.390763
-1.760117
-0.356040
3.505618
-1.896437
1.413672
0.937801
0.126798
-0.752970
-1.290437
1.248023
2.583227
3.619781
1.619502
-0.949014
-1.777592
0.986661
1.816355
0.275673
-0.212912
0.653977
1.247911
4.728081
-0.318290
1.682569
-1.001069
1.230630
1.667744
-0.502730
0.190395
3.089780
0.850185
0.023559
0.512659
0.051956
0.517332
3.400454
1.823245
1.532896
-0.506748
-2.014025
2.707509
0.521063
-0.712554
0.468825
0.941693
-1.110817
-0.302750
0.549320
-0.279908
0.099333
-0.165834
-0.435278
3.184079
-0.354004
-0.626758
-0.572958
0.734020
-0.476332
0.457649
2.656159
0.794492
-0.316137
1.906522
0.983328
-1.320064
-1.554017
1.553895
1.173537
1.727578
-3.307580
-0.360033
1.500029
1.106108
1.783115
-0.662373
2.358415
1.611111
-0.131901
-0.351715
0.929937
-1.360079
-0.034562
1.197829
-0.541612
1.769294
1.226193
0.894032
3.223688
3.072841
0.622636
2.615832
1.226027
0.239708
0.073360
-1.036138
-1.147501
0.650106
0.359900
-0.250788
0.232953
2.181977
1.906311
3.179415
0.801728
0.807285
1.049209
-0.337021
-0.625146
0.550753
-2.110268
-0.727247
0.272670
0.482374
1.736715
-0.260106
-0.661429
0.908512
-0.152964
2.233520
0.331840
1.213014
-1.176304
1.686804
0.814333
-0.835115
-0.044134
2.300793
1.128164
1.771548
0.922163
1.044033
-1.081946
1.875993
0.996549
1.046020
1.795678
1.904119
-2.392507
0.042784
0.584553
2.099593
1.767428
-0.283591
-1.897703
-0.307537
1.318722
3.004640
-0.666291
4.202675
-1.430890
1.734086
-1.093471
-2.240193
-0.080342
0.064832
-0.091691
2.669451
-0.563792
-0.485168
2.551772
0.873944
-0.419589
2.286744
1.416416
-1.196841
0.820019
2.736193
-2.310557
1.954869
-0.754736
0.417927
3.313907
0.110840
0.560594
0.369598
1.003906
1.549661
1.896948
-0.306868
-0.802767
0.135318
-0.345517
-1.715281
0.848454
1.871316
1.482849
1.842190
-0.791199
0.080383
1.558969
1.603377
0.354870
2.553076
0.639951
0.290634
-0.102197
-2.050971
-0.429794
0.223408
0.975910
2.505897
0.812161
1.314610
0.497497
2.571884
1.997320
-1.645898
0.335699
-2.006411
-0.193497
1.609654
3.286568
3.651959
0.645607
0.592621
0.174010
0.096932
-0.792161
-1.157107
0.561004
0.210289
2.513668
-0.770187
-0.457166
2.403429
-0.052696
0.477466
-0.106668
-1.516052
3.610452
3.243163
1.925314
0.598204
0.358070
0.936900
0.223859
2.029838
0.158165
1.718168
0.067170
-1.573530
-1.743208
1.711489
1.243813
-0.088917
2.463857
0.746819
-3.406133
2.351037
2.699164
1.093591
-0.056941
2.198016
0.101578
0.331296
0.236577
-0.614428
0.277761
2.684218
-0.308336
1.982604
4.339023
2.555432
-0.654483
2.564464
1.259266
0.846367
0.018103
1.973624
0.257113
0.905234
-0.947495
0.813372
1.563340
1.837183
0.084093
-2.162343
1.794861
0.315015
-0.837263
-1.022998
-0.754964
0.582029
-1.002028
0.277867
0.643290
-1.106410
-1.851570
1.606725
-0.515634
-2.945320
1.553783
0.246869
1.110238
2.836639
-0.892030
1.300585
1.509108
0.324934
-0.534959
1.544016
-2.706310
-0.433874
-2.441305
1.017664
1.285009
0.929600
0.962001
2.092865
0.200886
-0.561864
2.070658
4.472507
-0.093265
0.079489
-2.159498
-1.351334
0.939381
0.249131
-1.150919
2.327951
2.902502
-1.023996
-1.124941
-2.559330
-1.315182
-1.569612
0.850930
1.157911
0.112978
1.082121
0.613801
-0.879757
2.144785
-2.489518
-0.400943
0.394145
1.105724
0.912679
3.457983
-1.012777
-1.011406
0.168891
0.866479
4.655091
-0.899878
0.501217
-0.330331
1.097318
3.590857
1.461033
-0.787697
-0.359672
0.220575
1.918454
1.054167
1.631438
0.254515
0.870615
-1.138590
0.521728
-1.952055
1.687717
2.645598
1.355649
2.024149
-0.237082
-1.947690
4.293088
1.712463
0.687049
0.593306
0.627951
1.242774
0.774021
-0.395091
0.331336
-1.779792
2.530216
0.030238
0.138062
2.900044
1.809440
-0.078041
-0.928611
-0.530087
-0.887401
0.999359
-0.386356
3.636966
1.848206
-1.735671
0.655602
-1.887582
1.316830
2.815236
1.913444
1.057007
0.174030
-1.652630
-0.690678
-1.124656
0.672267
-0.555823
0.440356
0.512661
1.878612
0.869963
2.525626
0.981799
-1.628939
0.982252
0.689279
0.128058
4.180784
0.990190
0.556656
1.225483
3.367244
-2.428430
2.623490
0.301974
2.259494
2.560604
1.347772
-0.811273
0.524341
0.308354
0.087235
-0.841760
-0.938315
3.030846
1.835797
0.066699
5.332098
-3.921221
1.512142
1.428129
0.023506
0.249069
-1.063606
1.830739
2.788668
0.232917
3.019046
1.054130
-0.358138
-1.802152
1.626167
-0.837320
0.277174
0.760430
-0.687200
-1.119216
-2.042085
2.516225
0.296060
-0.067177
-0.506353
-3.160860
0.526295
-0.650072
1.351282
1.580038
0.508529
0.888148
3.611850
-1.246186
-0.408003
-0.052521
1.110531
-0.119040
-2.208779
3.318094
-3.648042
1.922549
-1.511055
-0.422407
3.895618
-0.293790
1.314096
-0.762334
2.242447
-0.967144
1.725664
0.839109
-2.551968
0.698296
1.143207
2.578636
0.537177
-0.543021
0.515180
0.576334
2.399169
0.443700
1.595918
-1.727896
2.185374
-0.024936
3.107333
-0.907603
1.131027
2.179991
1.090353
1.302359
1.086790
1.855340
0.191284
2.608402
1.884472
0.367782
1.606439
2.123239
0.448290
1.990977
-2.042799
-1.306631
1.405395
2.783744
0.389949
3.314308
2.887609
-0.631643
0.916057
-2.851364
0.366122
0.628838
0.130614
-0.852073
-3.243193
2.939680
2.382355
0.526079
1.635649
-0.286558
1.867488
0.079470
0.329211
1.171302
1.439292
-0.309409
-1.093984
0.762551
-0.684535
-0.117268
3.413086
2.144571
-1.314038
1.124221
-0.086952
0.661766
0.181961
0.560999
0.378157
2.118968
-0.958878
0.573873
1.335697
2.426110
0.552649
1.500250
-1.124387
3.512044
4.651691
3.178818
1.700567
-3.130153
-1.524743
0.238846
-0.107192
1.034052
-0.551767
0.634316
-0.178334
2.420044
-1.666362
0.413669
0.107453
1.005487
0.085514
3.863167
1.040123
-0.813285
-0.076083
1.185580
0.799649
0.475293
0.780391
-0.330794
0.700892
0.633684
1.983618
1.633754
1.845462
2.803275
1.941912
2.437475
-2.132812
1.266874
1.153344
0.388005
-1.676589
2.181803
0.227987
-0.193804
1.666168
2.322037
1.218478
0.193948
2.639162
1.068555
1.373504
1.765163
5.287136
2.480941
1.267395
2.329357
1.686336
3.443164
1.913457
-1.185765
-0.359635
0.205512
-0.416829
-2.054619
2.009743
0.128439
1.872137
-1.586965
2.442311
3.083566
-0.912647
2.885510
0.233571
-1.756106
0.977211
0.745070
-0.830611
1.933590
1.347264
-0.151563
1.093731
1.738122
-1.445738
1.584672
2.332827
-1.040622
1.869874
0.306447
0.243545
-0.571084
0.739727
-0.356390
1.336337
0.502746
-1.110099
-2.159282
-1.267516
0.098347
0.958131
-1.195244
1.199822
-1.583739
-0.535121
3.501292
-1.785008
0.677916
1.129690
2.598407
-0.469288
0.414273
-0.451214
-2.101885
0.129066
-0.968745
4.220217
0.860292
-0.174069
0.262833
4.914805
2.083121
-2.163675
0.047608
-0.456044
0.652240
0.335644
-0.089336
0.680234
0.867453
-0.846224
0.773778
3.723722
0.771127
2.752840
-1.387448
0.485803
-2.265679
1.699857
2.191662
3.736873
0.174896
-1.121107
1.032248
-1.188111
2.481686
1.470835
3.542158
0.343382
-0.620024
-0.335147
0.478772
0.452091
0.299531
-0.236128
1.336757
0.619485
-1.022981
2.199618
1.304779
-0.875115
0.794618
0.905137
0.102843
1.493834
-2.601248
-0.524098
2.435375
0.674959
0.548180
0.201478
1.835026
0.721356
0.026551
0.411149
0.680487
0.650344
1.860653
1.415875
0.099531
-0.884104
2.091506
1.494969
0.320632
-0.515262
-1.105307
0.002755
0.538394
0.226007
-0.624418
0.417270
2.104589
-2.137685
0.371396
1.079482
2.539298
0.716697
2.439930
0.809337
-1.292403
-0.577857
0.859898
0.225322
-0.999180
0.526814
0.644940
-1.276173
-0.580980
-0.251469
0.943360
-1.893818
-3.005498
1.461634
1.157695
1.106433
1.314738
-0.273850
0.948848
1.810954
-0.709134
2.598674
1.186994
-0.811587
-0.110208
-1.144125
1.622185
0.786668
1.188971
-0.069138
1.002257
2.300008
-1.583705
-3.098154
1.223160
-0.958711
0.426591
-0.701199
2.012872
-0.235345
1.331984
1.956969
2.091187
0.343116
-0.177649
0.355931
0.181593
2.369281
0.114139
-0.278828
-0.593107
0.473515
0.200484
0.704938
0.458484
-0.514154
2.086979
0.351628
-0.797347
2.344052
-1.885972
-0.600646
-0.072588
-0.638348
-0.170306
2.780706
0.845652
1.622460
-0.018760
-1.298162
-2.002995
2.210251
1.964226
1.981874
-1.460222
-1.708653
-2.485998
-1.459204
-0.883181
-0.150914
-0.439159
0.218044
2.877309
2.245111
0.270013
0.247750
0.763792
-0.125939
1.654587
1.664107
-3.190732
-0.400931
0.505227
1.857997
-0.483922
1.379826
3.477491
0.416301
-0.579430
1.772033
2.055463
3.117211
0.129191
2.196367
0.546843
-0.813164
3.561700
3.205127
2.292653
-0.251770
-0.719659
0.426025
-0.967756
2.090182
2.582653
0.992622
-0.560439
1.295906
0.450284
-1.121087
-0.266355
-1.201006
-0.692699
-1.253145
0.521607
0.106318
1.535277
3.721707
2.561219
1.440173
0.701027
0.821096
0.656989
-1.481968
2.339436
1.057987
2.174848
-2.191149
-0.544651
1.014106
1.050061
1.379060
1.190665
-1.276146
0.154576
3.332093
-0.862478
-0.617693
0.017127
0.472048
0.694667
1.777056
-0.272703
-0.302939
1.891199
1.234047
-1.687105
-0.541713
1.581879
-1.364291
-0.012115
-1.317577
1.945180
-1.669945
-0.576735
-0.629269
1.271659
1.156961
1.573695
4.428980
-1.936924
1.324101
3.462607
0.302385
2.768903
-0.520795
1.063841
-0.795144
1.929462
-0.535073
-0.737109
1.743009
-0.785498
0.592511
-0.849049
1.448918
-0.381688
-1.800197
0.287102
0.655601
-1.526055
1.842181
2.222546
1.089352
1.120331
-2.622826
4.085222
1.174089
-1.318322
2.240614
-0.335944
2.201143
-1.179479
1.627793
0.592338
0.009488
-0.863496
2.035499
-0.229167
-0.635079
0.683090
-0.600936
-0.441393
-1.527708
4.316843
1.871073
-1.053684
-0.876736
-0.558752
2.479612
1.294582
0.161048
1.337702
-0.036572
4.192301
1.691451
1.113142
-1.505976
-2.194492
-0.294122
-1.570247
3.360739
0.031770
0.240486
-0.711536
0.857996
1.095273
-1.160279
0.212581
1.106090
-0.160773
-1.067838
1.081973
1.905141
-0.696377
1.239815
-0.922774
2.695194
1.310132
-0.387369
3.269206
0.924005
0.923360
3.464769
3.661172
-1.730765
0.883468
1.690622
-0.364690
2.513650
1.851911
-1.408648
-0.331087
-1.768414
2.083262
0.342497
1.257322
2.534457
2.315958
0.408159
-0.332286
0.399126
1.683903
-0.358658
2.837609
1.569647
-0.722255
-1.788779
2.150426
-2.508003
1.560611
1.677317
-1.087950
-1.341630
-1.651146
-1.658000
0.382979
-1.141864
1.359924
-1.738328
-0.459265
2.146668
-0.460338
0.267552
0.033069
0.398979
1.558007
1.686954
-0.578422
2.078083
-1.178612
1.771163
-0.646304
2.682815
-3.068751
-0.655944
-0.413169
-1.025604
-0.294209
3.373726
1.891204
-0.911723
-0.624055
-0.402371
1.241052
1.577776
-0.263325
1.963690
-1.254129
1.602863
1.383476
0.940011
0.771227
1.035588
0.695620
1.931433
0.574096
0.724190
1.655152
-0.374531
-1.839901
-2.390818
3.017017
0.979015
1.421165
0.305444
0.727403
0.735940
-0.258122
2.637439
-0.947956
2.667330
0.545484
-1.221925
1.759063
1.175575
1.085580
2.022834
1.759645
1.933582
3.449813
-2.256465
1.937219
-1.234458
-0.728058
2.001893
0.044449
2.708620
2.084835
1.250183
-0.819308
1.397277
-0.623650
0.037911
0.805098
-0.563983
-0.335634
1.307633
-0.800983
-1.322814
0.058673
0.180264
0.092999
0.600685
-2.218981
0.230485
0.142799
0.374907
0.001185
2.732565
-0.884982
1.677828
0.895363
-0.349108
1.316592
0.023326
1.718936
-1.776392
0.831990
-1.083494
0.903291
-1.806207
0.001912
-1.616652
-0.924390
-0.864813
-0.333219
0.311918
-1.857589
0.669435
-0.276195
-1.250285
-0.189945
0.523389
0.942085
-0.803398
2.105881
1.799070
0.700981
2.464963
0.486111
1.317475
0.161399
1.096597
1.776356
2.008213
0.669978
2.001988
0.951934
0.390372
-0.026830
0.202643
1.597530
0.407109
-0.826214
1.297065
0.475332
1.378790
-2.600602
0.240777
0.958701
1.542311
0.357777
-3.452208
1.212208
2.598623
-2.066467
-1.045318
-1.722583
0.165724
0.214724
1.215410
0.453114
-2.354259
-0.516931
2.606104
3.512780
0.921235
-0.813362
1.950467
2.575519
-1.033072
-0.179496
0.919783
0.437650
-1.068299
2.069285
-0.252932
-1.319575
0.008703
-0.803859
-0.132803
0.911031
-0.753679
0.071463
2.492960
-0.466579
0.649168
-0.214750
1.752476
2.210653
-0.645188
1.303927
0.883276
-3.351614
0.070488
-1.362496
0.060609
1.211104
-0.410373
-0.451051
0.833505
0.701057
1.070474
-1.714069
0.902671
-0.754746
-1.497845
1.843766
-0.280723
1.696579
2.087417
1.136726
-0.148650
2.421994
2.781394
-0.224966
-1.617501
-1.407273
1.805424
-3.875071
0.357089
-0.589543
-0.701513
2.085135
0.823049
-1.798226
-0.059159
-0.857523
0.276568
1.002516
1.525514
-0.959884
0.177551
-1.441493
-2.785238
-0.909904
0.896781
0.529132
-0.434881
-1.029138
3.875646
0.297766
-3.336843
1.473648
0.742792
0.954175
-1.575112
0.591789
1.621351
1.095820
0.513109
0.530595
-1.581662
-0.859187
-0.725418
2.540572
0.919447
2.131955
-0.076316
0.437438
1.561806
-0.647042
2.608807
0.333508
0.654279
-0.729404
0.410007
-0.318352
-0.131059
-2.143755
-0.435802
0.417970
3.625056
2.370982
3.394504
1.758410
0.183638
1.469978
-1.050188
-3.162236
-0.989145
1.238685
-0.155099
0.065432
0.763757
0.732477
0.334853
-0.476828
-0.401390
2.259039
-0.806103
0.757486
0.425562
-1.757309
-0.582409
2.555063
-0.488928
-1.308122
-0.176107
1.918757
-1.549121
0.629800
-0.981831
-0.026876
2.317276
-0.793012
-0.809015
1.817141
2.740367
0.822489
-0.540279
0.325027
0.673756
-0.293711
0.597973
0.691849
2.317033
-0.273686
-0.708387
-0.918989
1.886437
-4.406222
-1.011970
-1.440086
-1.369601
-1.401040
1.931000
-2.030719
-2.304590
1.545596
-0.762179
0.951601
3.387897
1.539305
1.580846
2.142287
1.916036
0.766508
-0.279545
1.450391
-0.561895
3.168212
2.305349
-1.456748
-0.526110
0.746194
1.891914
-2.317899
-2.059771
2.214227
-1.290595
-0.570550
0.772268
-1.986895
-0.931691
0.882127
0.150180
0.913333
3.051373
0.441989
1.144321
0.665474
1.243727
-0.530673
1.514285
-0.139086
-0.719295
-0.256619
-0.052882
-0.316432
-0.032570
-0.704272
1.810330
-0.208430
0.307532
1.066682
0.516689
1.084617
1.202875
-0.654171
-1.763013
-0.597360
-1.255539
2.956102
0.969203
-0.038108
-1.019158
-0.049474
1.224947
1.524923
1.751654
0.166183
-0.585824
-2.672517
-0.986853
1.429196
1.183035
2.609223
0.197244
3.415015
0.863308
1.172447
1.589242
-2.150025
0.624377
1.926432
2.084591
0.109142
1.729724
-0.995346
1.218399
1.098462
1.509462
0.285929
1.625074
-1.388235
3.361227
0.614747
0.161420
-3.282085
1.905866
-0.422446
0.699806
0.056740
1.053183
0.296503
0.283101
-0.192273
-0.097646
0.900538
3.616529
0.523502
1.650130
-1.123989
3.107146
2.288929
-2.281169
-1.276648
-2.880855
2.133692
0.222612
-0.273042
-1.689151
-2.214569
-1.679947
-0.778787
1.077350
1.935567
2.009191
0.920151
1.649635
1.566629
-1.818481
0.804737
0.418227
-0.900062
-0.471169
2.833903
0.433267
-0.244485
-2.015456
0.170400
0.061108
-3.254573
-0.927706
-1.537766
2.113834
0.219034
-0.274008
2.002338
0.492744
-0.870635
-0.165364
-0.865816
0.776728
-0.033535
-1.488243
-1.312535
0.901062
-1.651671
1.551768
-0.776703
1.733604
2.765915
1.547511
0.374932
2.483459
-0.223080
0.065930
1.711295
1.019578
0.800630
-0.416161
3.099880
0.388272
1.581732
-0.618806
0.682826
-0.234308
3.857933
-1.592256
-0.005931
0.478494
0.780891
-0.129949
1.346538
-0.082239
2.207925
1.194086
-1.740573
-1.304126
2.784755
1.017334
1.343075
3.052169
-0.279942
-1.214342
0.187543
1.206183
-0.399810
1.965565
1.729692
0.234878
0.942170
0.757487
0.241198
-0.345082
1.188192
2.890070
-0.732539
1.888888
0.012860
0.629540
2.800972
-0.372913
-0.883857
-0.563471
-0.445921
0.649546
0.205996
0.031665
-0.492350
-0.489214
0.308153
-0.780102
-0.473536
-0.874976
1.273575
-4.726673
1.049213
0.151535
0.538453
-0.396973
-1.462985
-1.304707
2.660531
0.492454
3.011496
1.365944
-0.479637
0.621222
-1.550579
0.501506
-0.711313
2.376349
-1.357863
-0.788903
1.408082
-2.477679
3.782689
0.692250
0.386758
3.109327
-0.861159
-0.186316
-0.841978
0.260786
0.980885
-0.103784
-0.584137
0.468465
2.290694
-0.428753
-1.128375
1.816878
2.332175
2.811948
0.590231
1.420055
1.853127
0.990627
0.979398
0.181831
-1.104135
1.282436
-3.339515
0.943671
0.205567
-0.384618
1.416463
2.054198
3.059361
0.427700
0.630076
1.481431
-0.063143
1.191379
2.024577
1.388198
0.613594
-0.692327
-0.570285
-0.739358
0.437236
-0.969584
2.545871
-1.734836
-0.791929
0.885114
0.735657
0.967138
0.334192
0.896335
0.571295
0.947583
1.274821
-0.927451
1.065865
-1.614029
1.108141
0.511374
1.738598
-0.356962
-1.386327
1.214305
-1.242800
-0.886059
1.136615
1.816712
0.694024
0.413789
0.565673
0.465336
-0.775993
0.446205
-1.181417
0.871793
1.011948
-0.211050
-0.526227
-0.232182
-1.763807
-1.054828
1.452308
0.104478
0.127409
0.356528
-0.961129
-0.677421
3.864949
-2.121485
-1.008035
2.597209
1.027575
-0.345453
1.948002
0.138787
0.060179
-2.078445
1.178577
-1.994644
-0.648147
2.195543
-0.148803
-2.201578
-0.281661
1.887898
1.838027
0.354227
2.690863
1.145967
0.606947
0.307246
-1.661560
0.499338
-0.632921
0.347415
0.752243
2.251427
1.027797
-0.630307
-1.505768
1.146819
0.126150
-1.224221
-0.789509
-1.413732
-0.006137
0.893693
-0.836993
1.068921
-1.892313
0.958043
0.941401
0.754743
-0.015754
1.812703
-0.877642
0.405096
-0.056947
-1.429906
0.623372
0.512307
-1.541577
1.037633
-0.034444
1.256962
2.663939
0.089364
1.343011
3.640445
0.980396
0.825343
-0.383108
-0.202773
2.423053
-2.136853
1.143816
-0.804772
0.153991
0.490348
0.312721
-1.399927
1.755508
-1.106167
-1.778507
1.444674
0.937701
-1.240196
1.102580
0.673584
1.877886
3.327744
0.202211
0.167630
-1.369729
-0.324982
-0.316702
-0.451385
0.875165
0.986477
0.219169
-0.258883
0.751927
-2.008698
0.540951
-0.856936
0.683720
3.484138
-0.026980
-0.177757
1.466328
0.063885
1.395769
-0.188183
1.243934
1.875670
0.105376
-1.602705
1.483961
0.400582
-2.368804
0.105276
-0.750127
0.090695
0.794118
-4.020812
1.867135
0.491888
-0.563823
-1.138722
0.606906
2.329174
0.908956
2.464776
-0.195439
1.040285
-1.831669
1.030717
-0.629590
0.879763
-0.551091
2.469944
0.687801
3.673409
2.525179
2.636218
-1.332643
0.595342
-0.400447
1.171456
-0.883848
0.898672
3.190612
1.186894
1.021868
3.297125
0.697805
-0.773629
2.922733
-0.519231
3.521343
2.187096
-2.324710
-0.131053
0.788176
2.411350
1.676631
0.216915
-1.025462
1.598205
-1.332171
-0.285000
0.506129
-0.993730
1.229253
1.721825
0.844937
-0.152434
0.753106
-1.839727
0.215353
0.388610
-2.341932
3.513831
-0.833479
2.288798
-1.482968
1.115471
0.232933
-1.009636
-1.431815
3.223443
1.501150
0.721751
-1.606305
1.946452
-0.202656
-0.433711
5.675665
0.045144
1.429609
3.290559
2.224406
-0.134120
-1.658754
2.606132
-0.977597
4.033955
-0.291255
-0.597739
3.044909
-2.949722
-0.421233
1.531973
0.175442
1.727628
-0.529235
1.016210
0.449562
-0.489546
0.695954
0.484438
-2.674523
0.273481
0.908961
-1.133968
-0.475728
-0.067560
0.736715
1.939557
0.088019
0.874417
0.938334
0.531668
1.865775
-0.366205
-3.962492
0.918610
2.391522
-1.146604
-1.000323
-0.291433
-0.872514
3.217194
-0.316407
0.334141
1.409986
-1.850998
1.464947
-1.667454
0.939907
1.883031
1.671460
2.712418
1.142438
1.482531
1.283125
-0.487376
0.243939
0.324411
1.701346
2.005466
0.341671
-0.153934
-0.032721
-0.229941
2.154810
0.640651
0.326951
1.719309
1.810062
-2.262705
-0.428495
0.617256
1.250121
2.093368
1.028167
-1.393493
2.670446
1.212307
-0.033945
-0.482615
0.550029
1.422016
0.462885
1.031436
0.021041
4.583562
1.539716
0.959796
1.307204
-0.850890
0.419289
-0.576892
0.660117
1.021838
1.090383
-2.256814
0.210262
0.847257
0.747033
0.351361
-0.778294
0.770154
1.676127
0.795741
2.396914
2.416476
0.089588
0.611932
0.485222
0.021808
0.070053
1.653527
1.695397
-0.791895
-0.675555
-0.105071
1.504203
-0.827961
0.595443
-0.381755
-0.339578
-0.019774
0.872306
0.895141
-3.119499
3.545218
-0.089558
-0.804565
0.652784
-1.293346
0.678928
-1.430559
1.410286
1.181080
0.939133
-0.830196
3.135807
-2.558124
2.090981
0.183576
1.133597
-1.645335
1.053630
0.155720
0.004011
1.718105
0.923335
-2.289407
-0.195477
2.875987
0.115223
1.032861
-0.284920
1.755015
-0.599153
-0.613811
1.697645
-0.824567
1.562321
1.341619
0.869038
0.055858
-1.617843
0.154544
-0.354048
-0.408518
-1.596117
0.822180
0.920810
-1.398243
3.205444
1.477232
-0.339037
-0.417513
-1.477690
0.782482
1.251065
2.429122
-0.720196
-2.103822
-2.102219
0.348098
0.141493
-1.194571
0.161820
3.013431
2.449904
0.853576
-0.067537
-0.295513
-0.374462
-2.586242
1.882123
3.461377
0.620861
-0.043832
-0.314179
1.341531
1.070134
1.565638
0.706223
2.432241
0.837584
0.734720
1.528289
-2.323381
0.140395
1.127759
0.297790
0.580559
1.363124
0.292298
-0.061176
0.026076
1.729369
0.944917
1.008149
1.399105
2.564486
2.283152
-4.032537
0.906136
1.845062
1.217813
-0.172328
-0.057375
-2.119271
1.504299
-1.181655
-1.241233
1.622238
3.042204
0.768321
-1.051258
1.047236
0.908188
1.707949
0.552590
2.197989
1.503894
-1.692643
2.313576
1.698048
-1.046227
-0.126346
-0.076297
1.884780
1.436920
1.676524
-1.731044
-1.353328
0.674551
1.904348
1.134252
-0.474663
0.811222
-0.283180
-0.517794
-0.119112
2.425895
2.264163
0.988613
2.491271
-1.456382
1.497958
-2.002660
1.985821
2.688322
0.034346
1.053667
-2.870484
1.218838
1.392896
2.394233
-2.990645
-0.258392
1.439969
-2.494332
3.782299
-0.572778
1.629096
-1.153925
1.371234
2.348880
0.257465
-0.930865
1.878525
-1.510638
0.405084
-0.650736
-0.181741
-0.040094
1.396961
1.245548
-0.876643
2.935924
-0.286890
-2.526260
-2.452323
-1.044154
-3.055023
2.388715
-1.201785
2.328063
-0.974442
0.847360
0.750030
0.961066
-0.241125
0.863710
-0.932416
-1.372839
-0.491920
1.337469
-0.816025
-0.893294
-1.441822
-1.213150
-1.598604
1.181653
0.514240
0.134213
-0.514496
0.996441
3.377025
-0.828714
-0.851071
-0.131745
1.802638
-0.331301
-0.498577
1.621708
-0.286839
3.028465
5.046776
-2.289023
1.076428
1.735156
2.281425
-2.171454
-1.000892
0.347215
0.062216
-1.285456
2.380943
0.269554
0.032544
0.210091
-1.242181
2.301464
-0.201374
-0.445391
-0.121387
3.280872
-0.088333
1.095916
-1.375977
-1.179173
1.434916
1.398481
2.159625
1.387038
-1.752482
1.835218
-0.034588
0.928620
1.389040
-0.916502
4.186531
-0.507901
-2.055525
-0.796801
-0.383318
-2.101754
-1.028422
1.185649
1.559106
-0.328632
-1.292805
-1.781573
1.490843
-1.436200
0.708289
-1.449748
-0.956969
0.840166
1.287309
2.033200
1.794870
-0.806388
0.984451
3.345277
0.179320
1.520415
-1.192353
1.359642
-1.029847
2.733035
0.367115
2.438446
-0.281960
3.455335
3.273202
-2.057753
-0.254572
1.014919
0.505545
-4.145193
2.124721
-0.370129
-0.427310
-0.380108
2.852482
-1.854770
-0.608568
-0.352201
-0.268601
-3.080252
-0.146993
-0.440869
4.513457
1.723473
1.734857
-1.006521
-0.139140
-0.362336
-0.310586
-0.345718
0.142323
1.066232
2.671058
-1.415492
0.744528
-2.353296
1.800899
2.407278
-3.529135
1.784641
-0.789623
2.680347
2.041673
0.585168
1.749107
0.968623
5.065024
0.497953
1.200871
1.556236
-0.654931
-0.028482
-0.041905
1.603946
-0.233316
-1.353220
1.037416
0.867408
0.204371
-2.264244
-0.738512
0.246396
1.732337
-0.674701
-0.053868
1.495424
-0.515806
-0.061187
1.459581
0.315776
-0.738851
1.034680
1.498248
-0.765989
-0.097172
-1.156009
1.005269
-0.242300
-1.367844
2.677345
1.312756
1.383461
0.225970
-3.944490
0.615702
2.005353
0.537833
2.136159
1.032352
0.851122
-1.417127
-0.756349
4.130263
1.262083
-2.775538
0.536456
-0.059611
2.406799
0.350016
2.817640
1.291758
1.768894
-0.183100
2.128369
1.852495
-0.087608
-0.655062
-0.459864
0.535535