2.580486
2.699174
2.424739
2.228708
-2.100128
3.277406
1.677380
-2.073255
3.107574
-0.273313
-0.423769
0.714797
1.352604
3.602127
-1.178363
0.285937
1.209575
2.905182
-1.244471
-2.343696
-2.634216
-1.534033
1.118462
1.949585
1.153741
-1.704774
-0.006707
3.247967
-1.011834
0.941470
1.173162
-0.235866
3.902308
0.300400
2.505371
2.015098
2.859890
1.810045
1.104275
-0.284916
-1.985551
-0.445874
0.099638
-1.674347
-2.462230
-1.273965
0.738271
3.680809
-0.600128
-1.400015
-1.826017
2.323659
-2.827441
2.502630
-2.047308
-2.208940
0.389942
-0.743384
1.166455
3.419885
2.258504
3.624307
3.946937
1.846032
-0.115970
-2.258864
1.595264
2.917126
0.187000
-0.652637
2.113978
-0.808883
-2.454443
0.734347
2.140355
3.180475
0.263836
2.079166
0.166368
-1.279627
1.613470
1.165749
1.632049
-0.990311
0.294622
-1.397863
1.626942
-0.872861
-1.173194
3.430856
0.842396
2.218847
1.307992
-1.156891
-1.413415
2.253490
1.155596
-2.865245
3.721048
1.101475
3.328721
0.148374
0.416352
-1.878071
3.594313
0.006532
3.268176
0.099204
-1.679176
-2.871914
-1.188492
2.337253
2.171139
-1.943710
2.169370
3.367774
-0.269686
0.824703
0.391983
-0.909369
-1.611318
-2.229827
3.220989
0.536660
-1.383239
2.212303
0.187425
0.642695
-0.494271
-0.650423
-0.760950
2.824263
0.892480
-1.970735
-2.809890
-1.701989
1.228389
-1.934710
2.886067
-0.486626
-0.469874
-1.213259
0.674797
-0.053161
0.567474
2.780482
1.401189
-2.196609
0.151910
2.712795
1.691915
1.410745
-0.995095
-2.939941
0.128056
2.529113
-1.346215
-1.208606
0.799178
1.279817
-2.011099
-0.542012
3.751996
-0.462928
-1.989953
-1.399773
3.990842
1.485675
1.507169
2.744746
-0.206370
-1.021596
1.991044
-2.251606
2.438896
-1.686418
-1.584985
1.489404
-2.056578
-1.317207
-0.294502
2.278049
0.657077
1.026102
1.776944
0.532963
1.328022
-0.976998
1.171667
0.215976
-1.761027
0.239126
3.155701
2.154252
-2.045474
-0.955132
0.913656
-0.552566
0.943040
1.069434
3.514310
-2.949070
0.476958
-1.147018
-2.920304
2.114958
-1.961209
-2.040001
-1.927628
2.350409
1.073560
3.003893
3.747075
-2.137208
3.245532
3.221636
-0.957171
3.708001
3.037757
-1.032544
0.637094
3.488738
-0.570708
1.646369
1.969149
-1.786800
2.867331
-1.900977
-1.511072
-2.598420
-1.240285
-0.675383
-2.610846
0.098141
0.225276
-2.539237
3.718345
-0.331871
0.458385
-2.901075
1.643627
-0.416934
-0.656240
0.929159
3.376786
2.046786
-0.554705
3.508181
-2.351054
2.579744
2.425655
1.556898
-1.648775
0.551205
-0.165048
2.354887
-0.875519
-1.664981
-1.054806
1.457543
3.150470
2.823903
3.418941
-1.856740
3.148067
0.554465
-0.125125
3.561672
-0.424416
0.459877
-2.424898
3.774825
3.752505
0.844813
2.142896
-2.168474
1.577797
-2.680755
3.371956
-0.199650
1.027618
-2.213960
-2.743259
1.512910
0.039835
1.823990
3.590676
-0.224757
0.192957
-0.948023
3.865860
3.305215
1.613818
3.763819
-1.548126
3.502465
0.475409
-1.766324
3.843673
-0.631249
-2.002193
-0.683194
2.848829
-1.111467
-0.075783
-0.207832
3.651503
-2.415696
-2.611183
2.696357
0.444628
1.746524
-0.616791
-1.264268
2.097249
3.424005
3.208529
-0.409271
1.488204
3.671136
0.537571
2.435939
-0.821749
-0.328056
3.957312
-0.517769
3.641252
-0.004579
-2.389840
1.956410
3.964268
-2.306214
1.079473
-0.965605
1.987947
-2.180238
-2.962972
2.743843
0.631054
-2.958614
-1.996380
-2.735424
-0.607447
1.866398
2.591045
-0.516325
2.456876
-0.429108
-0.294484
-2.575136
0.973272
3.334202
-1.256581
-1.456146
-0.850136
-0.067556
1.238313
1.806280
0.377216
-1.867771
-0.171031
-2.011757
0.711607
2.585877
3.808574
-1.269469
2.760442
1.841232
3.059963
-1.750799
-0.022558
-0.891156
2.752728
-1.565231
3.390207
-2.899105
1.835289
3.166765
-2.824945
-0.262457
2.866325
0.501125
-1.495285
-1.587786
-0.886321
2.032695
2.559356
2.749068
-1.401603
1.832238
2.889565
-2.875648
-2.928657
-2.240466
-2.307312
-2.706101
2.391940
3.605818
3.715787
1.867491
-0.798836
2.782535
3.962977
0.580879
2.263350
3.632943
2.927424
-0.189844
-0.931600
0.398568
2.592847
1.588929
1.518712
-2.920348
1.495645
-1.283666
0.980139
-2.665129
-0.050417
2.291428
2.364652
3.557972
2.079297
3.738299
0.704185
2.663376
-0.605576
1.843543
2.221446
-0.903147
-0.190764
-1.632069
3.607450
0.818626
-0.492746
0.979650
-0.588691
1.205292
-0.667126
2.094562
-2.762637
0.870650
2.224323
-0.351125
-0.371436
-0.574176
0.647945
0.650242
3.132388
2.910874
2.239565
0.185900
-1.190178
0.864259
-1.805725
-1.708973
0.107954
-1.465557
0.207973
0.491265
3.834378
2.989925
1.622456
-1.385340
0.685338
3.038557
2.978950
1.544969
1.729054
0.207130
0.486436
3.528879
-0.592129
-2.672271
3.636056
3.592564
0.421169
2.660204
-1.382038
-0.755930
0.068879
1.261895
2.017675
-2.698028
0.318404
1.170866
1.878205
0.997945
3.348405
-1.948529
-2.671714
-2.540616
-1.665507
-1.716392
-1.620367
3.021999
0.299715
3.861169
2.870827
-0.578153
1.080581
-2.745974
0.897703
2.068906
0.619416
-2.912683
3.420523
3.409590
3.069882
0.456220
-0.308006
-0.179073
3.592873
-1.415412
-1.298466
1.818267
0.019174
0.009970
3.823925
0.344513
-0.538133
0.469691
1.719473
2.021495
0.406070
-1.719970
2.737281
-1.764058
1.602992
-0.537188
0.192080
-2.978469
-1.312425
1.610782
2.740886
2.478692
-1.248962
-1.623189
-1.517495
-0.126131
-1.290481
-1.386890
-1.939448
-0.015595
-0.303560
0.414451
-2.061367
-0.422883
3.073982
-0.497563
3.221936
1.028180
2.102110
0.429823
2.634171
2.874281
-1.173328
-1.952349
1.502661
1.307671
1.672816
-2.458867
-0.302849
-2.180839
1.559942
0.516210
-2.964914
-2.349758
0.369785
3.333306
1.708120
3.149305
-2.767371
-1.830078
-0.623149
-0.324447
2.980718
3.081657
-2.679622
-1.619140
-1.884054
0.118537
1.408202
-1.035517
-1.001016
3.363338
2.507438
-1.126961
-2.022828
0.923574
3.875256
0.882830
-2.548953
1.365606
-0.052945
1.609795
0.800891
1.311286
2.214979
-0.513576
-2.586975
0.437946
2.743037
-1.842447
2.238225
2.687557
-1.982179
2.237428
2.553797
0.931266
1.266296
-0.367841
3.940877
3.750360
-2.326660
1.928480
-1.524309
0.562161
2.058437
-1.854301
2.523862
2.762350
1.669127
-0.390833
2.767604
1.696009
-2.174754
-0.330537
1.508267
0.357826
-0.241922
3.683512
0.343349
1.726215
-1.346866
-0.304303
1.498982
-2.210048
-1.770948
0.917901
-0.176814
2.177710
0.955252
-1.621260
-2.851355
-0.841889
-1.669111
-2.893792
-2.968117
3.995992
-0.559151
-0.095610
-1.846992
-0.841309
0.858707
-2.880218
-0.360167
1.182232
0.290981
3.474526
0.259293
3.846097
-1.328822
-1.694819
-1.779838
-1.277401
0.223343
3.177843
3.577342
-2.606029
-2.876554
1.219834
-2.380027
-0.212101
2.749724
0.080065
2.741939
3.555000
1.741725
-0.630076
1.258222
0.707574
3.275954
-0.240404
2.804638
1.583469
1.767596
1.649083
3.627363
2.530345
3.154382
0.241949
0.889069
0.362184
0.882414
3.597403
-0.715441
0.143678
-0.574368
0.489615
-0.456452
-0.117110
0.954258
-0.449390
-0.226825
3.441391
3.365541
-0.875546
1.258009
3.800165
3.998526
3.250013
2.564076
-1.419494
2.081558
0.768998
-2.587718
-0.489744
2.164306
-2.399945
3.191099
-0.736719
0.858435
2.124222
1.160999
-0.137487
-0.241074
0.484508
2.734859
2.455857
1.831464
-0.339850
-1.705089
3.715837
3.222220
-1.734519
-1.515032
2.289879
0.527251
-1.620798
0.939021
-1.727723
1.052712
1.240888
3.031836
-1.405043
3.600203
-0.139070
0.067132
-2.287209
3.982219
-1.031102
-0.386752
-2.163018
-2.501384
0.909280
-1.522493
-1.474966
-0.650661
-0.063635
-1.516016
2.344856
1.122936
1.613393
-0.908652
3.194592
-2.346698
-1.264103
3.715129
-2.823735
-2.127226
-2.202312
2.968503
2.158251
0.456002
-2.437505
-1.473685
1.534066
0.588482
-1.809988
-0.392478
-1.480586
-1.887741
2.956322
-0.450996
-2.098089
1.026307
-2.627421
-1.197368
3.787067
-1.757649
-2.479857
1.407396
0.731020
3.219632
-1.418485
1.773093
0.938143
-2.746426
2.811461
0.848190
0.828433
-0.714146
3.993238
3.293519
-2.528910
2.875532
-0.801613
2.883226
-0.409908
-0.112709
2.349707
-0.950832
0.372022
-2.110108
-0.298611
0.767685
-0.658126
2.671453
-2.035842
2.682469
1.661220
3.897497
1.380497
-1.942296
1.115069
3.229537
1.003568
2.716432
-1.897883
2.179025
-1.887910
-2.047306
-0.683958
-1.261280
-2.392759
0.969750
2.250307
-0.452141
-1.724148
0.274552
-2.677605
-2.162718
-0.373026
1.256318
2.296850
-1.374723
3.459697
2.708194
3.901764
-2.455702
2.121648
-0.068527
-0.760781
-1.528145
0.417773
3.692133
-1.631303
-0.693913
-0.061920
2.490387
-1.026064
-0.135379
-2.114441
-1.603411
3.542425
1.387453
3.009301
3.038489
-2.921289
-1.311182
-1.868127
3.842682
1.367013
3.697902
-1.407357
-0.301902
0.742589
-0.063620
-1.262878
-1.368489
-2.352130
-1.604759
0.673942
-1.744752
-2.059792
2.809048
-1.080540
-0.767222
-0.463504
-0.977102
1.610266
-0.065773
-0.005376
-0.426609
-1.646744
-2.222701
1.258865
3.259424
-1.922220
1.758632
2.746509
0.324666
3.397846
-2.063647
-1.396034
0.744834
0.221752
-1.036423
0.657700
-0.928149
-1.821815
0.594619
0.167387
-1.023116
3.279404
-0.424728
-2.198573
1.688827
-2.146117
3.601786
3.132542
-0.292786
-1.187230
0.489568
0.312568
2.154800
3.818319
0.075341
0.269017
-2.512629
-0.579296
-2.855084
2.849390
-1.793639
2.943311
3.887478
-0.482687
-0.496011
0.152341
-1.749784
-0.362758
-0.198727
-0.845045
3.374172
0.331506
1.729372
3.219392
-2.364265
2.375826
1.636885
-2.982109
-2.460616
0.048783
1.984221
3.519591
0.630034
3.219270
3.690727
-2.418121
1.263277
3.113440
-2.876541
2.544194
-1.414136
2.145388
-1.452995
-1.092243
2.995309
1.084969
-2.465959
-1.392536
-0.398194
2.396609
-2.110965
3.626712
-1.465960
0.089886
-1.187417
3.558266
3.526599
2.344347
1.139638
2.536724
-1.735830
-2.911159
-2.924123
2.496957
1.734423
1.009076
1.912402
0.947077
1.188500
0.642892
-0.456524
2.709118
-2.576270
0.842403
-2.465938
1.727797
0.384256
1.977094
1.124740
0.506377
3.617839
0.402081
3.710173
-1.655770
-1.414132
-0.214985
-2.673816
-2.457724
-2.698045
0.639268
2.564428
3.121818
-0.229158
1.115585
1.106953
0.228229
2.743825
-1.625957
3.070747
2.670657
1.603003
3.961249
-0.017305
-2.106804
-1.107253
3.459710
2.441803
2.374720
0.182039
0.123001
1.430906
-1.705951
-0.552776
0.014242
0.118643
1.238243
2.668865
0.608914
-2.940584
-1.645617
-2.476543
3.178645
3.202090
-2.651686
3.490216
0.367536
0.471232
-2.234230
2.316153
-2.470790
-2.039546
3.033955
2.734909
-0.718836
-2.043235
3.085353
3.527897
2.156647
0.669043
1.201265
1.489611
-2.859428
-1.342387
3.052306
0.248493
-0.840632
-1.820276
0.598643
0.214987
2.477139
0.887797
-2.969578
2.904290
0.359026
1.298884
-1.711713
-0.065291
1.500753
-1.760165
-1.891916
1.711425
-2.978367
0.262315
0.690568
-1.343804
-1.600311
3.505263
1.416678
3.780372
0.001194
0.571416
1.949955
-2.127203
1.339511
3.691028
-1.016185
1.289637
-0.034673
-2.024380
2.544550
-2.612793
-2.036761
-0.751153
-2.842652
-2.390083
3.129475
-0.882908
2.656628
0.372319
2.846712
2.724629
-2.105881
-2.047377
3.220965
-2.011666
0.760727
1.781119
2.526484
-2.657614
3.559407
2.685272
0.882199
-1.057420
0.681167
0.246250
-0.129235
-2.444264
-2.504731
-2.683386
-1.887589
-2.085469
0.748137
-1.143684
-2.895639
0.657256
0.991321
3.844418
3.586608
2.254814
-1.835121
-0.562029
-0.616975
-1.262173
2.881821
2.452265
-1.209771
-1.905919
-0.622965
2.856686
-0.699244
0.871388
1.100857
1.711276
-2.056828
0.978587
0.925925
1.361333
0.949221
0.371773
-2.522646
-1.671597
-1.232481
2.440895
-2.198344
0.107632
-1.871275
1.125595
2.746453
-1.587896
-0.826065
3.931715
2.409232
1.107154
-1.906929
0.682833
3.456340
3.290884
0.535000
-0.095285
-2.514350
-0.288500
-1.264281
3.315422
2.673215
-0.101930
-2.964576
3.214045
-0.103961
-1.859058
1.356166
2.937035
1.569255
-0.625871
0.229331
-0.211736
1.380356
0.836415
1.380195
1.543337
0.005750
3.263291
0.794625
0.875647
0.925027
3.922688
0.362926
-1.360522
-1.349265
-2.118783
0.382514
1.595637
-1.972709
1.270835
1.665431
-1.755363
-1.873109
2.415985
-0.309989
0.359704
-1.074062
1.324276
1.287175
-0.656652
-1.368200
2.618330
-0.282315
-0.536448
-1.170414
0.680689
-0.274050
0.541851
0.198963
3.655344
0.965121
2.010613
-1.270952
-2.541752
-2.631976
0.475364
3.914422
-0.942667
3.895244
0.414733
-2.901505
-0.179699
1.965789
0.573931
3.013610
1.901519
1.655984
0.553009
-2.867440
3.957311
-0.280554
0.524642
1.148691
0.702420
2.197987
0.117226
1.747509
2.656640
-1.223862
-0.318427
-0.011769
0.680627
0.763960
-0.381385
3.882709
0.361694
-0.276970
1.291131
-0.355237
1.550688
2.636204
-0.750835
-2.473109
-2.007595
-0.381253
-1.654921
3.393163
-1.449475
-2.934968
-2.940658
-0.530159
0.423913
0.862828
0.689793
0.028958
-2.966500
-2.385187
2.690071
0.237782
-0.277235
-2.341681
-1.067306
-1.292539
0.663621
1.153261
-0.434595
-1.833968
2.462017
-0.884485
2.415822
-0.222002
0.235863
-2.775734
2.351526
3.569095
2.375064
0.895832
1.806578
-0.493827
-2.639421
2.694942
-1.310691
0.401784
1.497579
1.360107
-1.591798
2.704333
3.904071
0.738672
-2.016789
3.013531
-1.058963
0.083501
1.947861
0.000753
3.848101
-1.385204
1.721444
1.830400
2.766697
-2.001153
2.377007
3.358659
-2.269670
-0.842799
3.820882
-2.381284
3.097976
-1.639612
-1.544297
-1.512200
-1.547482
0.472280
-1.691954
2.258391
3.395004
-0.176174
-0.220031
-2.294095
-2.949765
-0.973814
1.293290
1.441986
1.332210
3.155334
-1.705722
1.334399
0.837452
-2.131292
-2.184279
-0.646876
-0.846392
2.718817
2.455526
3.237011
2.059653
-1.117706
-0.965251
-1.221474
1.661640
3.252747
-2.049133
2.028286
2.913278
1.232491
1.358432
1.064929
0.831342
1.160906
3.270165
3.773091
3.248608
2.788626
-1.317649
0.753808
0.613715
1.789483
3.365251
-2.550978
1.860310
2.816726
-0.296824
3.142073
1.272964
0.701302
0.199396
0.020751
2.873007
3.353598
2.090549
-2.771068
-2.627244
-2.131620
2.949376
3.715361
0.436739
2.368438
-0.717978
0.152126
0.470365
-2.215595
-1.757668
-1.419566
-0.725241
3.506854
1.372889
2.283544
-0.513149
2.521472
1.325826
-1.375478
-1.340071
-1.494817
3.613398
1.492342
3.691190
-2.966867
0.817916
1.876075
3.595130
2.378420
0.338130
3.173008
1.956166
-0.801673
0.430697
-1.833373
1.447412
0.858296
0.335408
-0.551405
2.947180
2.874486
0.878644
-1.854509
-2.458784
-0.143714
-0.573697
1.287492
-1.907865
-1.660628
-0.945854
1.186226
-1.027802
3.088036
-1.126586
-2.108326
-1.262068
3.605287
-1.724977
-2.231553
-0.252547
3.912831
-1.676096
2.431016
-0.684229
0.858121
-0.261929
1.755286
2.251864
0.373703
-0.738604
-1.165472
-0.831615
1.938964
0.385486
0.595086
2.529985
-1.741293
-2.376030
-2.704619
3.865130
0.097658
3.699659
0.279088
-2.204693
-1.937660
-0.961107
2.513342
0.518283
3.268847
-2.494592
1.229215
-0.377049
-1.153985
-0.436990
3.938680
1.257856
-0.528533
0.867929
1.916142
0.746302
2.871857
-2.537946
-1.984026
-1.050577
2.389651
-1.837770
-0.220906
1.607294
-2.204012
0.467005
3.086587
0.176306
1.827362
-0.707204
2.609482
1.578706
0.216228
0.399823
-0.647394
-0.224929
-2.660775
-0.583253
-2.359917
0.548414
0.306417
0.427271
-1.876220
2.097063
-0.852093
0.945712
1.672018
0.345785
-1.635659
0.331729
1.615632
-1.939750
2.202098
-0.715690
3.137770
1.946749
3.819407
3.290206
-2.290603
-1.395112
-0.327168
2.497001
3.620216
0.719154
-2.978739
1.106821
-2.175697
3.396980
-2.276455
2.120301
3.970652
0.288137
3.217579
2.714250
-2.659930
-0.907340
1.402798
-2.024512
-0.448565
0.344448
-0.485524
-2.317907
2.560216
2.424092
-0.475332
-0.767767
0.749730
-1.457033
-1.948994
1.967554
-1.166818
-1.335127
0.893610
1.368412
2.500247
0.797134
0.815388
-1.497540
-2.075015
0.897245
-0.147402
-1.535917
-2.383054
-2.854491
1.654334
-0.146870
1.222595
2.218086
-2.454492
2.108535
2.054455
-2.524570
2.224935
0.547821
-0.427255
-2.582843
-1.439715
0.158494
-1.968143
-0.989839
-1.285905
3.061256
1.250515
-2.939308
1.144915
-2.618188
-2.160406
1.133920
-0.358240
0.254384
-2.464134
-0.779215
1.159360
3.221453
-1.203705
-2.928175
1.951844
-0.998330
-1.344891
3.423142
2.893708
3.322875
-0.703828
-0.087100
2.425660
3.431095
-0.223514
-1.338594
-0.800751
0.520854
-2.189361
-0.536098
-0.596785
-0.741613
-0.561216
-0.163537
3.198840
3.715744
-1.277709
-0.092327
1.002378
2.797683
-0.601850
0.648217
-0.295280
2.417090
1.968665
-2.170612
-2.767428
3.056373
3.745893
3.106411
-2.306383
1.534965
0.790799
-0.218824
0.725136
-0.613393
-1.794600
2.481602
1.379098
-2.625847
0.154977
-2.757036
2.108146
-2.264009
1.683487
3.582580
-0.384198
-0.419919
-0.805664
1.616737
0.021910
-1.899552
2.506272
0.918811
-0.770238
3.869470
2.357501
-2.639474
3.460318
2.355638
0.585914
-1.839845
1.444982
-2.546968
-0.502117
1.207406
3.114672
0.788700
-2.661467
2.451468
0.535894
1.766071
1.183186
0.664979
0.046698
2.801597
1.044220
-1.774020
-0.642668
2.724166
0.312260
1.930162
1.363868
-2.421350
3.575195
1.240863
-1.789533
3.065697
1.294633
2.212129
-1.433233
0.453626
-2.299618
2.655324
-0.189484
-1.300575
1.429754
3.684273
0.128590
1.618044
-2.151569
-2.711846
0.505260
-0.628999
2.168742
1.219339
0.905291
-0.105997
2.418773
-2.092280
1.309136
0.852745
0.086518
-1.235019
-2.236591
0.571923
1.030818
2.149049
-2.534132
-0.679947
3.971290
2.065603
-1.535941
0.148159
0.838338
2.584985
3.004632
1.760332
2.039363
0.983497
-2.782503
3.614793
-2.313098
-1.989961
-0.021528
2.101521
-1.710120
-0.753153
2.604437
-0.204906
-2.156466
-1.986702
3.500718
3.813205
-1.227585
2.949664
-2.852323
0.477358
2.875070
-1.951645
1.783556
1.004658
-2.993129
-1.583684
-0.356963
2.687860
-0.347352
2.622100
2.972850
-0.379757
-2.696158
-1.683642
3.879552
1.310198
-0.813912
-0.468840
-0.288505
1.502357
3.550228
-0.766924
3.441838
-1.551885
0.953339
2.187789
2.650026
-1.871825
1.984140
1.314524
2.533021
0.630780
-2.269458
0.871172
-1.268888
-0.724725
3.475399
0.029457
-1.426569
-0.106317
-1.576532
2.078463
1.036451
-0.271313
-0.133568
-0.076284
3.424686
0.717286
-1.859468
0.515806
2.541067
-2.529711
-1.564431
2.892609
1.635836
-0.855585
2.487524
-1.686153
0.118585
3.527383
1.591750
-0.869552
1.285242
1.289074
2.106062
-1.918953
-2.934900
3.179502
0.038264
1.695817
-1.528275
-0.581862
0.809000
-2.758678
-0.895642
-2.771458
1.436228
-1.120769
2.506611
3.057203
2.238396
1.472460
-1.472238
-0.945602
-0.308666
0.895843
-0.022643
-0.024020
2.119601
2.574780
3.858039
3.775839
-2.037424
-0.368802
3.117859
-1.933862
0.120023
3.648573
-0.703688
2.137248
-2.319385
-0.069957
-1.858352
-2.281221
-2.179791
3.858263
3.236705
-0.786995
-2.903372
0.550319
2.516530
-1.895089
0.046222
-0.750340
3.789336
0.985018
1.149336
0.700212
0.852710
3.865361
2.973148
-1.340835
2.226747
-2.971630
-1.634090
3.727538
-1.985000
1.589683
-2.663490
3.255401
-2.801762
2.336652
2.262568
0.231972
2.807641
2.052982
3.251046
-0.937054
2.723813
-1.051639
-1.910879
2.243408
-2.901079
-2.067280
0.861556
-2.041834
3.422548
-1.428043
1.062429
-1.541639
-0.890303
-1.489603
-1.737058
2.648041
-0.507786
1.263817
1.583356
-0.042085
3.616822
-0.330384
-1.778743
3.712455
0.118064
1.381207
3.365548
0.190785
-0.401000
1.429923
-1.614330
3.090778
2.603740
1.236415
-1.287418
-2.476463
0.819844
0.757184
-0.625962
3.922055
0.890796
-2.535088
-2.610021
3.680256
2.088868
1.171496
-1.320087
0.301564
1.029313
-2.908296
2.342323
3.759528
0.070922
-0.937431
-0.728501
-1.220614
-0.958954
0.178554
1.092234
1.639910
-0.700836
1.962845
0.155191
-1.113139
2.539295
2.129213
-1.013298
2.935139
0.796223
-1.795305
1.954905
0.921451
3.706333
-2.828994
-0.040140
1.759036
-0.189697
0.299337
2.083158
0.867991
-1.987390
3.989361
-0.856655
-2.682418
2.461241
1.370273
-2.500742
0.306031
-0.596359
0.758251
2.661306
-0.380028
-1.408157
2.031956
-2.008826
2.567182
-2.688346
2.948425
0.597234
0.678524
0.948533
-0.520033
-1.035437
2.661963
2.563268
1.376534
-2.894754
-1.201338
-2.842305
-2.105319
-1.202918
-2.089943
-1.476456
1.861117
-0.819182
1.701312
0.736016
3.756370
-1.066115
-2.795777
-2.675878
-0.150481
1.120589
-0.392131
0.459401
-1.683787
0.609216
-0.001511
0.948518
-0.256314
-1.774118
3.333324
0.567353
2.073585
-0.059452
1.739392
-1.787363
2.056972
-1.434602
3.415835
3.958890
2.626686
-2.606379
3.727432
1.750617
2.045014
-0.142167
0.642949
0.846407
0.790370
-2.215599
1.836139
2.103725
3.522727
2.160522
2.780816
0.246269
-0.167510
2.096094
-2.154606
3.048331
1.863209
-2.703529
2.747931
2.544234
-0.572752
1.132101
-1.041346
-1.390026
1.602139
-1.364043
-1.608790
2.885350
0.997607
0.977997
3.535258
2.175394
-0.768841
-1.415258
-2.621673
2.315523
-1.824703
-2.446727
-2.578431
1.951760
0.271037
1.947481
-1.646423
-0.461732
3.742011
2.468235
-1.766916
1.438348
-2.409776
0.306355
-1.783073
-1.657432
2.373646
-2.159020
-2.902918
0.838801
-0.566071
-2.124711
-0.618278
1.870471
1.890366
2.833597
-0.336554
3.321249
2.527509
-1.227421
-1.798335
-1.491013
-2.450639
-0.137586
-2.523354
-0.078876
1.339138
3.222433
2.298545
-2.888490
3.001205
-2.346328
-1.106148
-0.976520
-2.692972
0.901788
3.250637
1.395340
0.545776
-0.003285
-2.022493
0.703916
1.248838
3.964443
-0.112725
0.225042
3.560058
-1.361184
3.997796
-2.956618
-0.050922
-1.878699
-0.370271
-1.691480
-2.884918
3.152025
-2.532079
2.995673
2.151960
2.585463
2.651932
2.039817
-0.724815
-2.287450
2.154459
-1.506149
3.861482
1.426438
0.343860
1.586095
3.052506
3.766483
0.987139
-1.925767
-0.718690
2.150403
0.382989
-2.529243
1.078703
-1.093138
1.264870
3.859644
1.869581
0.267114
-1.297254
-1.657379
0.890336
-1.948743
-0.374859
-0.817249
3.675188
-2.739578
-2.111141
-1.984767
-0.169630
1.022273
-1.152877
3.599286
2.404979
-1.512528
3.338770
1.253470
3.198300
-2.937898
3.849899
-2.166736
-2.177225
-1.951170
2.034452
3.718705
-0.731603
3.744673
3.589134
3.564693
2.793990
-0.620080
0.575984
-0.028330
-2.925025
-1.698570
2.493952
1.209168
-2.257896
-1.318545
-2.001289
-1.789874
-0.497932
2.448367
-0.060037
3.550564
-0.944527
0.330601
1.276708
1.052332
-0.903919
0.537302
1.192810
3.847271
2.135006
0.583066
1.007397
-0.920053
3.678706
-0.403941
-1.008362
1.162620
2.328434
3.464924
3.404209
0.341219
-2.568522
-0.513368
2.916086
-0.064124
-1.025025
0.657103
0.694415
2.956777
-1.610749
2.949608
1.051379
-0.974763
2.914557
1.424534
-0.979417
2.198272
3.740328
0.151956
0.024216
1.139044
-0.856417
-1.608961
-0.465792
-0.540109
-0.197986
2.039275
3.190471
2.545267
0.254718
-2.417639
-0.376400
1.441325
-0.299792
1.358537
1.924667
1.665319
-0.933339
2.573257
3.673651
-0.758816
1.189754
0.121994
0.055736
-1.260036
1.043160
1.575509
1.161409
3.260333
2.716349
-2.036819
1.392905
-2.904000
3.326263
3.973195
0.993321
-1.388999
-2.652133
-2.126468
1.544181
0.755494
-0.293151
0.806933
1.844903
3.353001
-1.128045
1.841034
-2.892244
3.593415
1.133964
0.337054
0.947157
-1.268139
-1.138526
-2.796236
0.525439
-1.442491
3.750602
1.047584
-0.720964
1.530152
2.592125
3.426318
2.051657
2.938282
-2.643738
-0.206704
1.277154
0.471052
-1.615025
-0.257643
0.569103
2.953485
1.693614
0.891526
0.134950
-2.588366
-0.442520
3.532526
1.014896
3.984671
2.069336
2.363878
-2.124333
2.619965
-1.388349
-0.762595
-1.634207
1.205153
-0.087373
-0.669284
-0.647067
2.665282
-1.900948
-0.452610
-2.735716
3.417342
0.828950
-2.412650
2.750909
1.495128
-1.116522
-1.634052
-0.252345
1.015568
-0.829337
0.869187
-1.033638
0.881234
-2.057013
-0.019093
-1.825152
1.558707
-0.426258
0.179157
-1.404449
2.763988
3.402069
2.636102
2.061496
-2.383300
-1.348224
3.249658
2.526332
0.708750
-0.346718
1.084036
2.390228
1.873980
-1.343397
1.601052
-1.610544
2.894037
-0.008758
2.715802
2.133743
1.967841
3.441592
3.805302
2.329483
3.022041
0.716867
-1.565037
2.534666
2.828074
-0.891206
3.571485
-2.938776
1.490567
3.474738
-0.241652
-0.569553
2.914376
-2.078998
1.462231
3.216080
-2.122519
2.257382
1.353241
-2.167777
1.932445
-1.587924
-2.373101
2.508395
-1.717764
1.476853
3.823923
2.548780
1.195364
-0.932132
3.368046
2.660712
-2.829234
-0.060022
-2.188962
3.664620
1.755693
0.890375
-2.159251
1.767991
-0.588974
1.664958
2.856157
1.537238
-2.699346
-1.897624
-2.516017
-0.142191
1.263924
-2.935474
-0.666552
-0.598199
1.303946
-2.125608
2.007845
2.272797
3.006787
0.960329
0.514728
-0.716748
2.411425
-0.616019
2.684668
-0.954047
3.492029
-0.470932
1.431006
0.397637
-1.486630
3.905210
3.086641
3.570168
3.624466
2.789843
1.195954
2.820519
3.309209
-1.332665
-1.168865
-2.218609
-2.533955
3.834224
-0.860897
2.151717
-1.504289
3.053022
3.907050
-1.541722
2.423751
3.203809
-2.940456
-0.102618
3.791389
3.711250
-0.109162
-1.666972
1.980144
3.823549
1.200336
-0.121347
0.863789
3.112334
-0.024174
2.906038
1.514789
3.768825
-2.952706
2.424902
-0.725652
-0.582651
-0.041246
-1.416874
3.748477
1.225304
3.349373
-1.099366
-2.349328
-2.176506
-1.154886
-1.792475
3.592659
-0.072884
3.600240
3.605815
3.920329
1.240695
-2.959947
3.687681
1.968491
-1.031818
0.968058
3.807495
-0.578789
0.406057
3.628432
1.519273
-0.377924
-0.425484
3.128574
1.972834
2.423958
-2.149001
-0.156782
-0.407886
1.951933
2.905791
-2.408840
-1.119364
3.456291
-1.828333
-0.854667
-0.719414
-1.254275
-1.772004
0.413005
-0.109016
0.937521
0.881015
-0.221201
-1.087355
0.365207
2.096920
1.809985
2.919034
3.273730
1.141542
3.228840
1.648518
3.911949
-0.777023
2.653844
-2.606941
2.085357
-2.685969
-1.173898
2.984053
1.120226
-2.364954
-0.956484
1.380595
3.544304
3.033523
-2.501536
1.740304
-0.795789
1.951831
-1.248223
-0.979979
0.280861
-0.072098
1.934565
-1.014837
-1.235360
-0.360162
2.640923
-0.569654
-1.170241
-2.827213
3.492564
-1.778210
0.283935
1.970864
1.420037
-0.563026
3.777651
-1.235346
-2.015022
-1.105848
0.509297
2.561354
3.752173
3.673678
-1.536281
3.696910
-0.270355
3.026641
0.620334
2.312505
2.623004
-0.733357
-2.959898
3.523535
-2.951842
0.063172
3.313881
2.227536
0.297333
0.083487
2.558260
-1.030845
0.564358
3.267162
-0.318614
-1.316283
3.159296
2.978368
1.229861
-0.710984
3.592852
0.133794
1.718878
3.634738
-0.154087
1.393016
1.395546
-0.884957
-1.563862
3.138462
3.030964
-0.584785
1.947502
0.161444
-2.738787
3.281670
-1.382758
0.204024
-1.919696
2.760345
-2.883677
2.228985
-2.940194
0.691012
-1.827216
1.386689
-1.480432
2.121712
-2.152776
2.839764
2.353405
0.195036
-2.962345
-1.714601
-1.556122
1.397844
2.249741
-1.434186
-2.665137
2.669627
-2.820406
2.018175
-0.144459
0.913495
0.114038
1.259774
3.507896
1.731256
-1.790236
1.468178
1.045862
2.681665
-2.661728
-2.480613
-0.037506
-0.872055
0.376398
1.158965
3.783691
-0.818531
2.548823
3.084733
3.981307
-0.157180
-2.572904
0.108855
3.870041
1.559582
1.982693
-1.568386
-2.339201
0.630887
-1.300622
1.648927
1.670849
-2.931246
-1.663805
0.295419
2.077274
-2.190894
-0.899837
1.267903
0.744859
-1.624747
0.127089
2.525270
-1.355097
-1.960846
-0.127545
0.437648
-2.010037
0.994116
0.111566
3.103267
-0.110516
3.097303
-2.542098
-0.478346
-2.178089
-2.601191
-2.990925
1.776946
-2.444530
1.917542
1.931058
-1.139898
1.127763
1.372719
3.719055
1.506689
3.839527
-1.795095
1.964895
-2.264166
0.678030
0.448209
1.370540
-0.775010
0.215496
3.283659
2.421927
2.632906
3.608799
-1.600166
-2.562319
1.383701
-2.997871
3.684025
2.519406
1.671715
-0.598240
1.625848
-0.029970
-0.037055
1.452278
0.727468
0.156627
1.619490
0.690810
-2.532606
1.194724
1.951546
-1.919882
1.671230
3.625121
2.665448
2.181351
3.312394
-0.231488
0.888381
-2.186299
-0.451451
-2.876916
1.553856
-2.044100
-0.421906
-2.690122
3.650960
0.827445
-2.822922
-2.886845
-2.964328
1.533679
1.800459
-2.973950
-0.448064
2.336049
-1.613216
-2.349605
3.657410
-0.249606
-1.544346
-0.350039
-2.902306
-0.125297
3.429045
1.496321
-1.616079
0.940300
-0.137727
-2.908249
3.948777
-2.212189
-1.852960
0.737674
1.864642
2.744427
2.321452
0.740682
-0.438410
-1.861502
1.120935
-1.563395
3.304542
-2.129859
1.043977
0.011042
-0.981297
0.786739
-1.979992
3.320184
1.701777
2.556606
1.866978
-0.358438
1.620572
0.576138
3.411058
-0.945092
0.404357
-1.511575
0.586702
-2.194727
3.760816
-0.167008
1.083328
2.036951
1.297428
0.088638
1.879195
3.950264
-0.748614
-2.699905
2.971426
-2.781049
1.763722
-2.508490
0.888965
3.031339
1.877259
-1.993088
-1.290037
2.092699
-0.679204
-1.732744
-0.619146
-0.080454
2.033522
0.341282
3.097323
-0.007044
1.614650
-2.938986
3.347906
0.214257
-1.453501
1.264256
-1.370170
-2.820979
2.434273
-1.865829
2.806252
-0.263573
3.721040
3.014977
0.024616
-2.285411
-0.670196
2.668329
-0.852981
0.015773
-1.547189
1.709766
2.098616
2.415048
3.420695
1.821288
-2.390224
0.465255
0.701971
-1.954880
-2.485794
3.311512
1.350900
2.813554
3.959701
1.165007
0.276957
3.383601
0.915540
-2.467544
-1.812610
-2.376512
-0.316012
-1.316778
-0.590040
-2.724556
-0.898788
-1.772975
-1.209057
2.166351
1.140180
-1.470083
0.894260
-0.555442
-1.185460
1.634840
-2.160520
-1.611077
2.709944
3.816163
1.245618
2.103570
-1.253946
3.927638
-1.382486
2.379327
1.007313
-1.065466
-1.978344
1.460712
2.843357
-1.289366
1.786331
3.970256
2.348057
3.870481
0.540463
-1.444133
2.944072
-2.149851
1.101018
-2.826416
-0.810114
2.624976
0.965921
-2.652439
1.973617
-1.523573
0.806849
1.027146
0.448292
3.586098
-0.092411
-2.392938
-2.614512
-0.544993
-1.747544
1.724141
2.022701
0.306932
3.458444
3.644044
2.059824
2.656297
-2.582052
-1.858526
3.014719
0.153619
1.698021
-0.617898
2.272411
1.566937
-2.821039
0.458456
-0.269828
0.887126
-2.744988
-2.331776
2.866743
1.791274
-1.375660
2.598272
1.629777
1.963850
-0.019829
1.457008
-1.137513
2.422019
3.754380
-2.609922
0.583066
-0.284548
3.389820
-2.003309
-1.115774
-0.244272
1.393073
1.390834
1.148539
-1.017525
1.580873
1.491972
-2.849939
2.822592
-0.123403
-0.574083
1.750462
1.710322
2.656887
-2.222127
3.582012
3.585820
-1.040752
-1.013711
0.462733
-2.704326
0.873867
3.704503
-1.918429
-2.198549
0.330396
2.542125
-1.574979
3.603097
0.141772
3.549451
2.365728
0.515177
-1.916440
-0.247228
-2.443318
-1.059074
2.963957
-2.864250
0.173518
-1.525978
-0.229597
2.823537
1.319347
1.561353
-0.931923
0.223570
1.373963
-1.542576
3.202988
3.468750
-2.114690
-1.592323
-1.253219
-1.577630
2.107453
1.034011
-1.425866
3.963171
-1.489218
1.016971
1.051866
3.448340
2.208184
2.233061
1.177841
-0.160246
-0.373574
-1.757022
-0.163674
-0.273509
-1.653867
-2.707238
1.497198
-1.083329
1.769076
-1.697541
-0.868308
3.482037
-2.783592
1.459652
2.002628
0.379153
-1.164559
-0.830461
0.493834
2.898284
-2.658805
0.412626
2.829545
2.166478
3.972026
-1.400233
0.707301
3.914286
0.114953
-0.402996
0.433906
3.467391
1.867973
2.583025
3.257141
-2.850585
-2.981385
0.082271
-0.205160
-2.533474
-0.808963
-2.722630
1.997886
-0.542655
-0.122288
2.262178
1.399828
1.853727
-1.406206
-2.993316
0.736436
2.413764
-1.145934
2.472349
-2.401400
-1.763811
3.155976
-1.323015
1.364401
2.836392
-1.553478
-2.105586
2.944077
0.869487
2.765494
-0.708587
-2.378349
-0.303187
3.357008
0.848959
-0.602807
0.397501
-0.302562
-0.626538
-0.532556
1.898093
3.911963
3.079300
3.689855
2.169184
-2.301772
-0.161074
1.325458
-1.837015
-2.669352
1.082561
0.247826
-1.714741
3.627779
-1.873769
3.596735
2.313694
3.653002
-0.208859
1.830341
-1.962258
3.296941
3.194668
3.007898
-1.381857
-0.219006
2.039367
-2.431186
-0.194778
-0.445583
0.605643
-2.667277
-0.922632
-2.228308
2.048601
-1.914327
-0.558576
-0.551315
0.667696
-0.958344
1.775441
-2.552737
1.903125
0.638213
1.758189
0.948371
2.334238
0.709041
-2.235326
2.830088
1.626608
3.881840
1.328293
1.542252
1.279878
-0.474851
-2.033869
-2.147220
0.091206
0.536836
0.804432
3.661954
-0.144223
-0.755825
-0.035187
-1.765879
-1.739942
0.362379
-0.671962
-2.131060
-2.940495
3.495970
1.779655
-0.220028
-0.172699
0.596475
0.290533
-0.493933
-1.567190
1.786297
1.340489
3.793921
1.990154
2.324493
2.698269
3.894793
1.768772
3.516051
1.128955
-0.909698
-0.121381
-0.730329
-2.530294
-2.724798
-2.885180
2.575839
-1.510877
1.691350
-2.361932
-0.929816
-0.981450
-2.457423
-2.226956
2.355184
1.346212
-2.737742
0.591205
-0.695408
1.611535
0.496089
-0.723078
-1.699156
-2.501309
1.293113
3.656218
2.166671
-2.708821
1.048382
-1.869934
1.523837
3.186993
3.737907
0.004881
0.762457
0.984481
-2.568857
-2.888354
0.371944
2.309957
-2.229508
2.353649
-1.644850
-1.499584
1.797655
-0.712304
-1.558248
-1.822335
-1.787762
2.304495
-2.377890
2.124074
2.042905
3.197840
3.313093
-1.680659
2.206896
-2.902046
-1.462744
0.437053
3.669385
2.160511
2.848165
-1.208478
3.009252
2.004369
2.742033
2.455814
-0.017275
-0.279106
-2.048176
-1.761346
-2.352176
0.665508
-1.836657
-1.465983
1.763128
1.023817
-2.665614
3.025081
0.970142
0.720196
3.065409
-0.032107
-0.292597
0.322148
-1.103615
-0.132209
-1.071503
0.617896
3.433415
-2.988688
0.110654
3.106401
-1.682934
-2.738927
-1.669128
0.796147
3.334105
2.169945
2.660882
-2.744600
0.853061
-0.191062
-0.757024
-1.711477
1.401813
1.083258
3.384800
2.836514
2.487161
1.417908
-1.923875
0.339950
-0.300909
1.491352
3.363641
2.240060
-2.586159
-0.221644
-2.990560
0.299427
-0.618908
2.151805
-2.390586
-1.783041
0.379489
-2.131190
2.011699
-0.824746
2.086053
-1.264879
2.268894
1.709449
1.310092
3.323794
-1.183232
0.732414
2.820342
-0.315331
-1.345693
-1.073270
2.114093
1.380790
1.664211
-2.393192
-2.814498
3.934246
0.110409
3.464165
2.393622
-2.447694
3.595821
-1.461554
-1.611061
-1.608746
0.466442
-1.825992
-0.261488
1.910120
3.399314
-0.607426
-2.907852
0.962286
2.439295
0.985127
-1.935201
-2.290987
2.559731
3.229033
2.267276
1.082695
0.860232
3.560959
-2.987091
3.274116
-1.655840
3.491905
-0.788340
3.957474
0.151690
-1.537134
0.276311
-2.340018
1.989430
0.960018
3.014811
0.230547
2.609159
1.345769
3.619639
3.717597
-0.321837
-1.310052
3.657016
-1.107630
2.897310
3.040276
-2.093034
-0.073839
0.971900
-0.546802
3.231016
-0.624128
-0.931865
2.277645
-0.697268
3.565077
1.112283
-1.032312
1.134759
-2.349509
-0.966697
2.255997
1.533133
-0.974579
0.597422
0.676316
0.381195
-2.553623
0.411709
-1.286693
-1.278806
3.573316
2.302829
-0.129584
-0.718750
-2.634836
-1.574662
1.313120
-0.724955
0.612390
-1.263538
0.721076
0.929328
-2.098074
2.286267
1.909287
-1.859496
2.262074
1.482834
3.088004
-1.631922
1.791087
-2.744297
-0.561564
-0.070894
-1.607865
3.702684
-0.871428
-0.921498
-2.322960
1.124599
3.701577
2.550644
1.502010
3.190941
2.481440
-0.133994
2.650325
3.796211
1.149560
-1.145449
2.800899
0.895125
0.662387
-1.382065
1.630208
-1.994512
-0.266289
1.054247
3.339283
-0.154531
1.915913
-1.002836
1.003537
3.857159
0.034113
0.988554
-1.846507
-1.658605
0.022404
-2.547336
1.553255
-1.035649
1.335750
-0.195961
3.897118
0.760127
3.625416
2.439987
1.822942
0.634089
1.364352
-1.097096
3.068835
0.149503
1.372612
1.901635
-0.729866
0.483645
-0.441925
-0.583587
-0.223910
3.111779
-0.878060
0.134596
2.447913
0.726082
2.948576
1.418567
3.969957
-0.327010
0.422587
3.734026
0.716590
1.141899
2.929486
3.846901
3.911407
3.000456
0.344380
-1.671028
3.993421
-2.326425
0.444092
3.639490
3.039985
-1.224095
2.774803
-2.048752
-1.504379
-0.094602
-1.576932
2.409660
0.670236
-2.968064
-1.631262
-1.096456
0.886533
-1.347364
2.660450
-2.250965
-0.553867
-0.261354
-0.986176
3.853223
3.022636
1.502105
-0.129118
1.159214
0.072478
1.129748
1.754052
2.185845
0.086335
-0.876131
0.460195
-1.835828
1.875051
-2.863904
1.894522
-0.054563
-0.363084
0.547061
-0.465348
3.174305
-2.729042
-1.767037
2.163857
0.109333
0.565127
-1.163544
-2.723485
-2.149917
0.583041
1.363410
-1.352643
-1.151303
0.834060
3.395779
-0.048607
-1.930982
-0.193764
1.977619
1.901771
-1.221838
-2.069819
3.461052
1.094270
-0.135993
-0.604363
2.373162
-0.143539
-1.459134
-1.368125
3.449111
0.272017
-0.992244
3.084034
-1.198593
2.516573
2.051858
-1.499672
2.227005
1.588347
-1.749531
-2.654222
1.049115
-2.209821
3.480342
0.194099
-2.780756
2.462820
2.984062
3.823102
3.502398
2.509988
0.916142
-0.449986
-0.686500
1.332301
-2.657129
-2.940247
3.956976
0.717667
-0.895856
-0.156612
3.898065
1.393964
-2.796883
-0.098031
2.135327
0.841745
-2.133504
1.214822
2.124365
-0.386484
0.190053
0.377346
2.362656
0.272057
1.930442
-0.431992
2.685008
-1.608861
1.343002
-2.618792
1.212168
2.026137
0.015921
-2.292223
-2.526841
2.502705
0.784954
-2.641371
2.277992
0.363363
3.932312
-0.708321
-0.782286
0.919640
-1.224633
-1.132628
1.199204
0.212170
0.039746
-1.455758
-0.797811
-2.620069
1.588309
-0.748157
1.279780
-2.658534
2.260646
0.716486
3.359996
-2.172762
2.068203
-1.032981
-0.968326
-0.554068
-1.415018
-1.857305
1.780000
0.357953
-1.021272
3.424977
-2.685258
-1.037488
3.143656
1.991304
-0.056551
2.163750
-0.398218
-0.410824
3.514960
0.995686
-1.381673
1.278409
-1.660441
1.730412
2.127263
-1.808859
0.212717
3.024047
-1.537888
3.913046
3.485865
-2.371889
2.291631
3.934691
3.392115
0.269345
-2.910056
1.733487
-1.438132
-0.679991
0.306619
0.904049
-1.502457
1.003296
-2.330558
1.864795
-2.875829
0.570590
-1.642630
3.468344
2.230095
-2.679005
1.494160
2.680330
-1.556746
-1.641840
2.816392
0.966431
0.458194
0.819774
-1.061256
0.337768
0.782197
-2.621785
1.400877
0.526435
2.578590
3.784603
2.251457
2.098605
0.405093
0.131735
0.198880
-0.958300
1.355506
-0.615165
-0.725304
0.303336
-1.547984
-1.898087
1.969185
-1.669371
-2.288667
-2.139446
3.800509
-0.033172
-2.050325
-0.951492
1.804159
3.903656
-0.309152
1.776896
3.659323
-1.758999
3.368761
3.587458
0.839226
-0.923705
-2.100395
2.472774
-1.477958
-1.486059
0.454534
1.151229
0.864032
-2.504141
1.874106
-0.238977
2.357436
-0.525267
-0.075348
2.079459
2.839736
1.849459
-1.294690
1.742326
-1.574532
-0.646154
-0.824409
0.897387
2.846266
3.139554
3.857983
-2.752701
-1.715530
3.864713
2.300105
0.725427
-1.865332
0.085356
-2.155066
-2.841573
2.882881
-0.643860
-2.929744
1.748009
-2.235686
-0.866856
1.802233
-1.364008
-0.137397
-0.758157
-2.493488
3.186690
-2.354120
0.757279
-2.071712
1.372199
2.494990
1.552475
-2.907052
-2.047799
0.652993
-1.823316
2.731456
3.793866
3.575747
3.284078
-1.409505
-0.845926
0.091382
-1.412618
2.079858
1.655092
-0.148976
3.521691
-1.770971
0.334599
1.086627
3.927045
0.311474
1.311018
2.849906
-0.394222
2.247530
0.677526
3.771960
2.949580
3.685786
-0.410162
-2.278944
-2.888613
0.213962
-0.490669
3.534418
0.124794
-2.252110
-2.043261
2.053714
-1.221259
-2.337173
-1.586295
-2.179088
-1.883377
1.420082
2.572453
1.379757
0.799916
-0.228437
0.141413
3.269972
3.587558
2.275691
-0.418937
1.792452
2.178195
3.315540
-1.061612
1.272453
-2.629598
0.860658
0.069448
2.361215
-2.311160
-0.146670
2.926883
-1.589857
-2.910284
-2.090334
-0.855934
2.172161
-2.624170
1.174239
-1.327948
3.326333
-0.422013
3.336170
-1.915987
0.957072
2.272389
0.959187
3.667354
-2.520159
2.454559
-0.775865
1.063530
-1.965452
1.699272
-1.990815
-0.831578
3.509339
1.742564
-0.341658
2.208566
3.456853
-2.676739
3.333219
2.874082
-0.651769
-2.118617
1.757226
-1.943586
2.872167
3.722074
3.655068
-2.634389
-0.995071
-2.315266
-2.937493
-1.592018
-2.832902
2.891694
-2.149916
-0.133760
-2.439899
2.730133
3.679964
2.817083
-0.239543
0.155925
3.241802
2.842549
-1.067165
2.229170
-0.368014
2.158355
1.181476
-2.591846
2.711643
1.091832
-1.600038
3.691400
3.001364
2.610172
1.179493
0.058379
3.724445
-2.663531
-1.829037
2.921509
3.036211
0.947876
-1.511856
-2.767160
-2.180158
1.143674
0.068735
-1.529299
-2.768988
1.614863
-2.489794
-0.248899
2.072232
0.007679
-1.076742
0.426738
3.350709
-0.204795
2.874294
0.372850
-0.261871
1.589625
3.749454
2.191219
-1.742360
0.088531
-1.618968
3.007822
2.947288
0.764628
-0.562311
2.002432
-2.525861
2.565531
3.596373
1.246902
3.232934
-1.924788
-2.969962
-2.652664
2.458084
-2.662172
-1.771842
3.712859
-2.651485
-0.296723
3.021026
3.095549
3.613936
-2.098791
-1.604183
1.137250
-0.268556
3.752996
-2.293725
-1.002753
1.582844
0.379261
2.229013
2.682615
3.722220
-0.598314
1.893727
-0.398372
3.298364
-1.346856
3.835133
-2.958806
-0.509298
-2.191946
0.139159
1.017323
-0.657249
-1.386282
2.476479
-1.445861
-1.514053
-1.217687
-0.237655
3.620718
0.412008
1.081023
0.610639
2.301695
2.643226
2.317233
1.063673
-0.569435
-1.464198
1.740448
3.024488
-2.570137
2.619310
3.144134
-2.036742
2.368286
-2.541028
0.565165
2.498368
-2.685372
1.018344
3.943301
-2.810980
2.865980
1.831215
0.752651
-0.116660
1.164263
2.488645
-2.534811
3.093174
-1.141369
2.646513
0.013681
-0.332485
-1.058905
3.630641
0.978165
-0.465584
3.054196
0.356913
1.016388
1.839228
0.880072
-2.627080
3.433720
-1.261701
-2.126010
0.230804
-1.884417
0.976314
-1.421219
0.820951
-1.563891
2.717954
-2.395438
2.941891
1.971491
1.574430
-2.866896
-2.919164
2.769402
-2.635292
-2.320935
-2.280898
2.146199
0.748947
1.111447
3.745327
2.642937
-1.829436
-2.406096
1.644273
0.146716
0.942559
1.766094
0.787585
3.667089
-0.257258
-1.646169
1.094565
-0.393872
3.898671
-2.065801
-0.298455
-2.591763
1.588394
-0.054217
0.673134
1.975455
2.168022
3.710517
3.998358
1.030478
-1.740529
1.359287
1.925210
1.332687
3.144589
-0.045654
-0.653632
-1.986584
-1.764930
1.571378
0.352076
0.855571
3.859225
0.700652
1.411336
-2.555306
1.529588
-2.253721
-2.829672
-0.666033
-1.497695
-1.762107
1.627681
-0.801758
2.502823
-0.737350
0.265760
3.939764
1.675414
3.580786
-2.526227
2.719663
2.984863
3.295601
3.624367
-0.135419
-2.269382
3.473962
0.048540
1.872989
-1.892333
1.665115
0.734448
1.199362
0.560578
1.674763
0.431288
1.973178
-1.970471
-2.766489
3.265922
-0.737275
-0.260894
-0.182884
-2.542298
3.012585
-2.442598
-0.353492
3.594077
2.625030
-2.379679
-1.284852
0.713697
1.283459
-0.749433
-1.641372
-1.046786
0.830406
0.657360
-1.631649
2.998074
-1.149002
-0.374559
-2.512081
3.405519
1.508299
3.382726
0.487616
-1.606027
-2.135715
-2.674867
-2.381210
1.212203
-0.116923
-0.014100
-1.317081
1.566512
2.366651
-0.137913
1.819087
3.513361
-0.693745
-1.130422
2.429835
2.998050
-1.954279
1.060429
-1.145501
-1.967108
-2.012980
-1.053591
-2.410963
2.180250
2.474830
-2.718070
-1.399525
1.400280
-2.481942
1.300190
2.457826
3.820555
-2.202610
-2.992408
3.884959
0.263674
1.151651
2.852596
-1.480600
3.749271
0.450246
-0.764696
2.418637
2.253006
-0.685239
3.486602
1.040722
0.579383
-1.975792
-0.707403
0.005044
-0.780842
-1.336804
-1.945324
2.593602
0.383813
1.364401
3.986152
-2.508065
3.486047
-2.233260
-2.423405
-2.409506
0.931243
1.785567
1.093377
3.602666
3.277644
1.999664
-1.604091
-2.219118
-1.230503
0.676224
-2.981758
-0.174898
-2.759433
0.751000
1.322996
-2.424524
3.400507
2.424928
2.193432
2.300076
-0.996695
-2.147431
-1.198910
-0.085221
-0.664411
2.239427
3.554512
0.324984
-1.596384
-2.333087
1.088842
2.103045
1.013465
0.469676
-2.380083
-1.886516
3.290916
-0.044232
-2.366789
-2.319651
1.709494
0.592973
-0.302453
0.727229
-1.819000
0.620245
1.083700
3.787121
2.031689
1.839638
2.587295
-2.692961
-2.462237
-0.578572
3.922356
0.487031
3.139565
-1.546657
-0.057196
0.334588
-1.960374
2.631422
0.031354
-0.103387
-0.185415
3.747581
-0.128104
2.727062
-2.298162
2.938875
-1.939550
0.245016
-2.048517
-2.666560
-1.035046
-0.828367
3.684541
1.848508
1.272151
1.065872
1.850687
0.369120
2.370455
-0.321552
1.723737
-1.333784
3.044900
-2.304853
0.135401
1.117446
-0.792498
-0.625334
-1.198798
-0.684843
1.798547
2.782603
-1.752000
-2.626604
-2.284744
-0.334490
-1.754758
-2.437647
2.983575
0.005573
-1.116960
-0.814536
1.840719
-1.516287
-1.747849
1.909894
2.821246
-1.052028
-0.577014
0.953140
0.404106
-0.227245
-2.426613
1.587053
-1.054175
1.729426
-1.479268
2.675666
-1.021490
1.119880
0.202728
3.224692
-2.007422
3.906748
0.426967
2.251736
-0.311463
-0.073168
1.888524
-2.465865
-0.738313
-0.902867
-2.803963
2.674108
2.093723
-0.464552
-0.532504
-1.081972
0.644875
0.667927
1.017633
1.789526
-0.581460
-1.704566
-1.071605
-0.642826
-0.052345
2.560018
-1.254559
-2.796572
3.081737
0.602123
-0.637670
-0.272935
1.678381
2.098779
2.621938
3.611462
0.967714
3.680437
-2.506854
-2.223481
3.456511
-0.695923
0.433449
1.889843
1.213291
-1.201035
1.228400
3.048891
0.751219
3.588527
1.687634
0.794852
-1.452732
-2.166703
2.237463
0.083858
1.554827
-0.830270
-0.753074
-0.047411
1.778819
-1.949897
-1.074415
-0.290223
1.967323
-2.319090
0.076537
-0.702225
1.000814
-2.698180
-1.530228
3.404718
-1.966921
2.204053
2.358737
0.594198
1.729900
2.420135
0.841983
-0.919796
-0.474981
-1.822334
1.025241
0.316124
-1.832113
-1.201333
3.523243
0.298197
1.041263
1.202656
-1.776815
-2.496709
-2.938047
2.227628
-0.333799
-0.857911
0.296217
2.667334
-0.597222
-1.205967
-0.191076
2.924189
3.077560
0.848251
2.151800
3.822510
-0.686506
-0.015905
3.685870
3.928842
0.420292
-0.816553
3.839364
-2.546360
-2.861868
1.578082
3.706522
-2.048286
3.800242
2.017850
-1.917338
3.387639
-1.411575
0.988938
-1.122972
2.687744
0.212276
-0.094854
2.373651
-1.035928
-2.392667
2.998868
1.555010
-1.377053
-2.243218
0.308794
-1.673049
2.657423
0.192597
-1.566251
0.211227
0.678250
1.202994
2.202106
1.858596
0.102078
0.802561
1.061930
-2.765062
-2.902621
-1.023227
-2.938894
-1.147617
2.987469
-0.657900
-2.145453
3.376296
-2.954974
-1.198962
-0.949447
1.003855
2.000040
0.390804
0.412519
-1.662395
0.351330
1.125563
1.019369
3.670583
1.878764
0.540271
3.642937
3.703929
1.565839
-0.318833
-1.087651
0.164127
-0.762746
-2.043596
-2.372759
3.380398
1.715571
-0.281849
-0.276112
-2.756279
-2.321423
-0.713588
1.029301
-2.510638
3.618833
1.054075
-2.675893
-2.705610
-1.035684
-2.610293
-0.733495
-1.094525
3.156795
-2.023209
-0.542713
-1.485940
0.336197
-1.536463
-2.005502
0.163221
1.808236
-1.636804
3.710766
-1.959984
0.840305
1.531326
2.832732
-1.560098
3.979245
2.052247
0.472088
2.522681
-1.909402
3.041718
-0.362709
-1.779658
-1.196576
-1.955042
1.339817
1.835276
-2.058748
1.218023
0.310807
2.904918
2.432130
-1.950914
3.481724
2.724362
3.071201
3.307947
3.614515
-1.830544
1.100412
-2.452611
-1.740463
1.995940
-1.274083
0.380638
0.815022
-1.846934
3.328043
3.610289
-0.878087
-2.522876
-1.071260
-2.372510
2.403897
3.679526
1.884773
1.426065
0.578415
3.630842
-0.863107
-0.625251
-2.353124
-0.538542
3.254953
2.338483
3.725242
-0.060973
0.022969
-0.516725
-0.362021
-0.339198
0.565314
0.892720
2.985188
2.932505
2.883101
-2.500688
3.966004
-1.245505
2.307518
1.932957
1.758718
1.390669
1.786154
2.096308
0.793354
2.077401
0.678071
3.890764
-0.773582
2.599332
1.951529
-2.361629
-0.552554
-2.786960
-2.387150
-0.905198
1.220242
1.332588
2.975211
-0.718082
3.791978
-0.571024
1.333045
0.367952
-1.087940
1.398878
-1.348995
3.883080
-0.206915
-0.773851
-0.697043
-2.128188
2.814774
3.197980
2.502584
0.776924
-2.662370
0.256598
1.003177
-1.234787
-1.847061
0.051130
-0.592657
-1.624993
0.817680
0.031701
0.822411
-0.644845
-1.456947
3.304406
0.241727
0.893781
1.522670
-1.548979
-2.504650
2.707404
3.617019
-2.797437
1.485138
-1.102795
-1.429568
-2.037238
0.793171
0.731475
-0.149184
2.085650
1.546481
1.991214
-0.233112
3.641035
-0.836860
0.341463
0.223725
1.233875
-0.251786
-0.437770
1.263253
3.485326
-0.171566
-1.127925
3.328934
1.141443
3.781435
3.156580
0.754097
2.657612
-0.300944
2.925605
0.165485
1.589724
0.976242
1.111920
-1.492001
-1.680437
-0.430442
2.961477
1.735193
-2.557882
-1.104101
-0.360460
-1.548240
0.568890
-2.298481
3.095771
2.445671
1.947976
3.696113
3.401090
0.135296
-1.612219
2.179597
-0.636581
3.512343
0.263107
2.033613
-0.034814
3.488687
-1.225581
1.825281
0.484977
2.463414
2.686172
-1.344770
2.398199
2.212811
-0.460320
3.327688
3.643128
0.015188
2.410372
3.973601
2.042877
1.317069
0.543294
-1.505994
1.933121
2.042101
0.759444
-1.947007
-2.461305
3.194789
2.446244
-1.747350
1.256371
-0.022296
0.949262
1.934347
3.839196
1.294268
3.819181
1.956033
0.248525
-0.335542
0.490937
-2.407437
1.051880
-1.625796
1.396492
-2.558011
-2.468781
3.235477
0.947038
0.188948
-1.105999
2.854944
-2.623362
-2.208431
-2.236811
-1.459117
-0.147024
2.973843
-0.075880
-1.963233
-1.469980
1.650561
-2.613126
1.780600
0.775241
0.295385
-0.520585
-1.020084
-2.874727
1.889510
1.162128
0.043896
-0.882257
-0.007418
-1.006034
0.596238
0.276813
-0.448861
-2.068127
1.906624
1.990742
2.100246
3.361712
-0.877203
1.634022
0.317335
-1.747966
0.994991
-2.910302
-1.670673
2.631212
3.713206
0.026057
0.971121
1.099018
0.733213
3.445306
3.302629
-0.075797
1.824462
1.844425
0.259562
3.390367
-2.626915
-0.522501
-1.110313
-1.015567
1.280354
2.394538
2.865294
1.367215
3.166986
2.446025
3.520223
3.302011
3.751782
3.517988
-0.642385
-0.124426
3.339219
1.438479
3.980379
-0.244234
0.476616
-0.773029
-1.725883
3.702452
2.519981
-0.893823
-0.432369
0.546051
-0.991290
-2.046127
-2.038014
3.371590
0.312862
2.394999
-2.788281
2.198314
0.249022
2.848772
-2.615117
-2.096832
-1.699873
-0.959622
-1.611449
-1.935318
-2.600933
1.832177
-1.546924
-0.174181
2.441387
2.880060
-1.102170
-2.515466
-0.332604
1.389430
-2.772174
-0.931228
1.779843
-2.080667
2.539065
1.486521
0.752924
1.077490
0.111030
0.915565
1.057461
3.756107
3.627922
-2.678174
2.388265
-2.846841
-2.834784
-0.674160
-0.249358
1.968153
-2.148161
1.617345
-0.132023
-1.919329
-2.911574
-0.610090
-1.789492
-1.886429
-2.424196
1.272265
-2.272401
-2.454468
2.489955
-0.829203
-1.440063
-1.278156
-2.295393
3.193332
1.841330
-2.552654
-1.664086
-1.150093
-1.054723
1.818973
2.761260
2.142140
1.786156
2.765043
-1.162324
-0.526055
-1.254860
2.324879
-0.107733
3.081718
-1.054435
1.139070
0.639752
-2.426406
2.500427
0.702663
0.566517
-2.485289
-1.551162
0.677505
2.756031
0.740355
-1.532478
0.561839
3.831041
-2.931371
2.611195
1.617690
-2.735304
-1.714947
0.545099
1.175932
-0.316166
0.005024
0.086679
-0.112366
0.883587
3.929958
-0.109827
2.854882
-0.690966
0.348639
0.271903
0.453493
2.178108
-1.172413
1.764537
3.105710
-2.176726
-2.762472
2.672092
1.906236
3.596111
1.928023
0.504697
2.175739
-0.734805
1.298517
3.647027
2.443080
0.359201
3.772313
3.987667
-2.501640
-1.396290
0.879000
1.009192
1.574556
-2.417501
-1.542602
2.811577
0.986095
-1.278671
-1.514594
-0.377589
3.344670
1.240511
-1.837152
1.849537
2.847976
-0.138348
0.933599
0.223759
1.462710
3.382885
3.313294
-0.869711
-2.344398
-0.859069
2.274050
-0.282407
0.585821
3.930957
3.631490
-1.187027
2.127037
-1.409438
-0.841694
-1.048643
-1.149504
-1.188195
-2.000182
-1.567763
-2.354167
3.953886
2.184066
-2.713516
2.001441
-0.350170
-2.166815
1.149819
2.782719
-1.306692
2.946213
-2.281302
-2.836372
-0.864764
3.009271
1.318626
-1.462566
-1.403325
1.244574
-0.088460
1.432680
-0.096815
-1.920961
-0.660393
3.566083
3.596112
1.630461
-2.887921
1.863661
-0.922045
1.555318
2.399731
-1.537227
-0.225808
-1.812152
-0.354278
2.180447
-1.621426
1.595477
1.502544
-2.589162
3.687754
2.155620
2.186513
-0.970672
0.252836
2.480389
0.218035
-2.593007
2.843323
-2.786660
1.271167
3.224971
0.912850
3.046973
-0.769090
3.483824
0.824889
2.317727
-0.051788
2.281260
-1.996634
-0.872584
-1.854620
-1.230829
0.938082
3.098722
3.033355
1.075556
1.244724
1.402881
-0.151256
-2.421228
2.850237
2.270537
1.423396
0.288356
3.581116
2.736481
0.471684
3.104969
-0.137402
-0.602583
-2.394814
-1.604541
2.729748
2.178739
-0.082397
1.806396
-2.131026
-2.848940
0.921961
0.666032
0.343915
-1.936637
1.019873
-2.316713
-1.046503
3.478803
-2.642431
-1.476155
-2.661564
-1.383312
-1.455273
-2.083298
0.951017
-0.265738
2.452620
0.592968
2.788257
1.094544
-1.345801
-2.994982
-0.583802
1.518493
2.013691
-2.501264
3.147042
-0.778526
-1.900925
-1.981705
-2.653379
-0.020354
-1.065484
2.028335
-2.695376
-1.838129
-2.536881
-0.188091
2.124547
-2.995720
-1.999643
3.632306
-2.790196
1.239444
1.010191
-2.115572
3.327651
-0.240400
2.428230
-2.745480
1.912696
0.455936
1.228057
0.515582
-2.282108
3.749154
1.828632
-0.436437
2.992385
-2.055941
3.589172
0.964353
3.390230
-2.779995
0.516187
-0.875746
2.007557
-0.127757
1.570864
2.012096
3.621058
0.630832
-1.501580
1.674063
2.403698
-2.609953
-1.652555
-2.009403
3.791136
-0.059060
-1.890746
-0.310421
-0.550581
-1.213016
1.501663
-0.771930
2.604359
-1.670644
1.979645
1.168308
-1.291002
0.586898
-0.624681
0.675928
-1.840578
2.730353
1.606466
-0.030416
-0.101700
1.377007
-1.797366
-1.886301
3.579071
-2.250587
-0.666153
2.398440
3.799537
3.818582
2.308383
2.816642
3.945533
-0.009396
-1.642673
2.152484
-1.735691
-0.565505
0.114597
2.481556
3.319340
1.218388
0.092691
-1.427720
0.862210
-0.958006
1.948749
-2.199733
-2.994326
0.816119
0.385757
-2.202314
-2.540242
1.756258
-1.432059
1.533729
3.603474
-1.438983
0.251636
2.078570
3.211129
1.235264
3.085267
0.841720
-2.347606
-0.927930
-1.580130
1.389791
-1.759148
3.440901
-1.724618
-2.737923
1.820788
-2.252367
3.135900
2.559922
-2.682797
2.546251
-1.834150
3.073633
3.122135
0.107974
3.857506
3.916376
2.833018
1.303202
-0.398636
1.222501
2.054513
3.101955
-1.282620
-1.595594
2.692465
0.099010
0.004512
-1.467461
3.577124
-1.003248
-1.191248
-1.973273
-2.097887
0.997929
1.398660
1.265738
1.613987
-2.721173
-1.556278
1.713252
-2.992287
3.159972
0.592323
1.581907
-0.961939
-2.704193
0.632928
2.568256
-0.369894
1.046416
0.847269
-1.280109
-0.127953
-1.601245
1.623066
3.870763
-2.467121
0.207105
2.980925
-0.240758
1.214549
-0.311536
-1.588610
2.649596
-2.154268
0.226786
2.861389
0.617182
-0.401865
3.189363
2.741272
-1.457951
0.672840
0.211107
-1.892870
3.200934
-1.969614
-2.808184
1.911629
0.846923
0.955654
-2.083480
-0.740182
1.359363
2.228439
-1.719536
-1.710790
0.532595
1.710270
1.754109
-1.359851
-2.735663
0.740679
2.040890
0.841943
-0.670126
0.617667
3.567778
2.503141
-2.415799
-2.246215
1.663123
3.987427
1.307000
-2.866910
2.755920
3.693893
-0.993249
-2.587033
1.003887
-1.758102
2.322757
0.078973
-0.490552
3.072114
-1.633819
1.769714
-1.846959
-1.279810
2.689118
-1.591722
3.248273
-0.250594
0.369297
-0.216628
0.652034
-2.098589
2.579974
-1.535388
1.111374
-1.121930
-1.379187
-0.811066
0.404468
0.727461
-1.355483
1.846708
3.746239
-1.080321
1.427194
-0.324424
1.431577
0.708606
-1.480954
3.344777
-1.271609
1.263724
-2.178718
-0.785438
3.628855
2.502755
2.020369
-1.591509
0.523859
2.341318
-1.772326
-2.087333
-1.396203
-1.266717
-2.549891
0.731910
2.042736
-2.809565
3.284966
-0.125980
0.419328
3.171895
2.087107
0.399173
-0.715711
0.635543
1.934201
-2.029408
3.299069
1.042863
2.672483
2.253702
-2.881230
-0.093408
-1.994866
-0.728770
-0.703935
1.696384
-2.267334
-0.962716
-1.957653
1.742887
-2.905790
1.874230
-0.715400
-2.860886
3.704771
3.574656
-1.908973
-2.531536
2.220387
3.401426
2.496563
1.223446
1.284586
-1.422379
1.990315
-1.915504
-2.218600
-1.615491
-0.253767
-0.459883
3.973022
0.159149
1.510619
2.749589
1.415488
-2.941241
0.344921
2.771482
-2.442008
-2.014127
3.184496
-1.436894
-2.723779
1.724393
2.474368
1.226250
3.074569
-1.426534
-1.393607
-1.372060
1.791491
3.413763
-0.094709
-2.808131
-1.808861
-1.831779
1.487688
2.177914
-2.432564
0.657541
2.959736
2.935541
-0.857793
-1.563487
-0.012227
1.729491
-2.582270
3.651361
0.892175
-1.961064
2.284264
0.448853
3.477651
3.793284
-1.328303
-0.413136
-2.901192
0.554203
1.883926
-1.561898
-1.773500
3.561934
1.738381
1.755065
-1.926407
1.324121
-1.711850
-0.126219
2.791620
2.884016
0.004008
-2.380496
1.090670
-2.871052
0.215092
2.216580
-0.941864
-0.928290
-1.305701
3.541175
3.638131
2.180534
-1.406813
0.547542
0.046818
0.835860
0.244739
1.299970
3.803513
2.975816
0.069261
2.602053
0.115029
-2.948390
-0.323359
1.505629
-1.585050
-2.869050
3.114363
2.079554
2.727083
1.358829
0.693985
-1.365282
2.089643
2.686055
3.412220
1.538731
-0.280997
1.090541
2.616569
2.362948
-1.497251
-0.709212
3.119316
2.730867
-1.479543
-1.249480
-2.195948
3.815671
-1.189619
-0.491839
-0.467530
2.567396
2.403395
0.860995
0.517618
-1.495633
-1.507139
0.817221
0.321020
-2.291680
-2.339142
-1.254823
3.888049
2.046503
-1.569444
-1.969748
-0.915464
-2.909410
-1.719359
-1.358564
-1.679959
-2.639547
3.383482
0.065324
2.187786
-0.110766
3.698668
0.438075
2.476572
-2.706589
2.935689
-2.972834
-1.781912
1.402413
2.905244
-1.421819
-1.646469
2.800853
3.901835
-0.070215
2.486151
2.035269
0.368506
2.595052
3.622675
-1.267472
-0.846318
-0.448074
-0.767996
3.992921
2.093933
-2.693816
1.767032
1.885588
-0.139934
0.735504
1.441809
1.452306
1.415044
0.640072
2.376320
0.362963
-1.959697
0.129681
-1.939408
0.073083
0.307731
3.778192
1.386551
2.692249
2.933664
1.506458
2.356608
1.634722
3.449340
1.123761
-1.528208
3.931215
0.644333
-2.367904
3.301875
0.618588
0.541643
3.505543
3.567856
-1.928044
3.037976
-2.471122
0.390794
-2.076154
-1.662486
2.969719
-0.404899
3.798625
-0.930651
3.483537
2.656992
2.375938
-1.491240
1.790552
0.729670
2.259738
3.813498
-1.722271
0.487145
1.331572
1.320373
2.110490
-2.688630
1.194469
-0.996935
2.795084
-1.481435
-1.545656
-2.878302
-2.955228
3.458086
3.988887
2.014478
3.052724
-2.202875
-1.817914
2.328652
1.525080
2.855150
3.283223
-0.927976
0.696334
2.660479
-0.765525
0.487514
-2.334140
2.329821
0.517725
-2.670393
-1.745690
3.303833
3.003028
-1.735626
3.694482
0.070467
-1.741719
-0.361137
0.435739
-0.590874
3.272462
0.167691
-1.645416
-1.613527
3.264804
1.742642
3.162879
-2.197122
-0.828064
-1.107852
1.573009
-2.588851
-0.547290
0.164797
-2.410706
2.858650
-1.820134
-0.508109
0.844959
-2.500355
-0.832474
2.794112
-1.397119
-2.229518
3.588850
3.369093
-1.902249
0.618779
-0.669991
-1.260998
-1.398799
-2.261911
0.377764
1.618264
1.976732
-1.560941
2.555650
-0.296023
-2.786481
3.043381
1.391244
2.720156
3.656488
-2.926286
3.549412
3.911640
1.905541
1.240005
1.188058
3.846037
-1.683645
-1.223049
1.633826
1.158936
-0.650375
-1.305662
-1.936632
-2.280015
-1.966149
3.108065
-2.028638
2.666774
0.213289
2.221704
-0.483057
1.816113
0.984581
-0.045459
1.128177
-2.864100
2.453672
2.720672
3.335533
-2.057501
3.366157
-1.126119
3.490648
-0.246842
-2.252838
0.237738
2.285007
2.993688
3.478513
2.837831
2.909440
3.234030
0.961305
-1.942894
-2.346359
-0.753920
3.902923
0.147766
2.229679
-0.876447
2.872533
-0.185290
1.434700
-1.314908
3.419355
3.344191
-2.149254
2.001144
-1.920442
-0.596892
0.793970
0.402883
-1.060561
-0.671456
2.358155
0.212366
-1.398884
2.440284
-2.765398
-2.341296
-0.035140
-0.925801
-0.784615
3.811759
-0.755423
2.551170
-2.004683
-2.106303
-0.592411
1.552751
3.728354
1.306031
0.245725
-1.037616
0.085370
2.149074
-1.045266
3.478608
1.486224
3.244357
-0.637310
1.631504
-2.677025
1.066367
2.727340
-2.026068
1.343141
3.872859
-0.475360
3.160721
3.346960
-2.418797
3.028964
-2.177702
-0.574544
-0.259346
-0.130795
0.638268
1.131296
-2.053561
1.120035
-2.733804
-2.290656
1.829429
1.403635
0.278178
-2.029093
-2.053039
-2.633633
3.562813
1.903782
2.718217
-0.206336
2.858063
0.871965
3.502894
-2.007860
1.529134
0.068944
0.735965
1.806119
1.211204
-1.580267
2.497679
-1.317641
1.784834
-1.005492
0.368927
0.139292
-1.522464
-1.222973
3.622692
-2.672132
0.147875
-2.233315
-0.798910
-2.647813
-1.702503
2.929442
2.079838
-1.970451
-0.927087
0.287346
3.423619
0.444521
-2.656224
-2.269886
0.096254
-0.965663
1.714306
-2.251783
2.238837
0.828255
0.943476
1.576401
-2.548017
-2.098407
1.483412
1.390246
0.803764
1.724040
-1.959064
-1.682406
2.671329
1.502644
2.857024
-2.011376
0.207238
0.130533
3.639964
0.560261
2.235334
-1.633205
1.047853
-0.058881
-1.529051
-1.040286
3.021453
-0.051001
2.322733
-0.283806
1.120425
-1.090479
0.321375
1.608236
-1.500850
3.178041
-0.825014
-0.123220
3.829848
2.457473
0.260998
0.869817
2.002172
-1.529132
-2.629704
-0.376198
0.206513
0.924254
-2.069312
3.836713
2.870539
0.688870
3.890607
-2.488647
3.875547
0.312301
3.802051
-2.244050
-0.997003
-2.680396
-1.924209
0.808860
-2.156375
3.473521
-0.165074
1.600313
2.064579
-0.574228
3.816863
0.781310
0.702198
-1.283018
2.940070
1.353593
2.700231
2.305392
-1.851079
-2.965255
-2.223717
3.839321
2.524723
3.259040
-2.431884
2.843443
3.595807
0.005824
-0.407398
-1.186677
2.539347
-0.068780
-0.595569
-2.264430
-2.927850
1.729284
-2.694376
0.244041
-0.980791
3.468331
-1.531328
2.309935
0.717619
0.026203
-1.304726
3.397147
-1.242040
-1.948702
3.592057
1.122592
-0.537363
-2.732549
-2.761797
2.268106
-0.566599
1.313932
0.993312
-1.737353
-2.982642
2.404102
0.062249
2.922913
0.852799
3.017256
1.904480
1.075701
2.235674
2.629846
-1.833302
2.977324
1.889689
-1.993059
3.826508
-1.384249
3.397060
-0.603156
-0.529969
0.219988
3.479628
-2.965753
0.885565
1.586297
3.681602
0.116277
3.100191
2.981921
-1.621343
3.038462
-1.917979
2.625905
-0.264621
-1.022056
1.100896
1.653302
-1.257379
3.975012
2.581007
2.582067
0.257594
3.387837
0.908094
-2.806908
-0.668876
-1.407677
1.403073
1.295871
-1.670242
3.534913
2.735010
2.302203
-1.307439
1.779441
-2.194240
0.802071
2.314413
0.902711
1.233635
3.610174
-0.287417
0.792384
-0.163601
1.989630
1.143608
2.067936
1.041396
0.371396
-2.749046
2.054743
2.046713
2.357391
3.699877
-1.546559
-2.810832
3.341812
3.008805
-0.724003
1.831604
-2.590387
-2.521131
-2.011763
1.684630
3.798124
2.450423
3.515649
-1.655455
2.995567
3.913391
3.650556
-2.486107
0.011169
2.864932
-1.235919
2.755508
2.629717
0.387949
0.895072
-2.282513
-0.926029
0.595054
1.167367
-1.650059
-2.457490
3.794024
-2.767498
0.120546
0.266064
3.039079
0.966694
-1.886482
1.517641
0.072030
2.799083
1.353579
-2.292009
3.516638
3.443181
3.928119
2.405758
3.890846
0.185226
1.563596
-1.838962
-1.683813
3.202454
-2.316540
0.463136
-2.206792
3.467466
-0.104350
0.154854
0.913062
0.440621
-0.291734
1.796360
2.261120
2.100699
-2.328642
0.825819
2.022442
-2.052709
2.722095
-1.649279
-2.205518
2.347856
0.233564
-1.531563
-1.952739
2.660853
3.598547
-1.341953
-0.139537
-1.794998
1.805962
-1.173902
3.654153
-1.965564
2.334461
0.742618
-1.582811
-0.569862
-1.828875
1.668195
-0.650685
-2.637595
-1.427796
1.767465
0.254984
-2.812433
-0.503083
1.107855
-0.074474
1.788699
0.557875
0.682258
1.491102
-1.165062
1.933807
1.694214
3.034003
1.180099
-2.436279
-2.357862
-2.590528
-1.139519
2.314062
-0.229513
-0.589229
-2.834850
-1.231560
1.851123
-2.553229
-2.000832
0.202581
0.206686
2.945171
0.693815
-2.049844
-0.667285
-1.479273
-1.582846
0.347968
3.186732
0.851697
3.581092
-2.502933
2.035957
2.511772
-2.708393
-2.977637
-2.881129
-2.260052
0.314675
1.300468
2.950461
-2.686300
2.591881
1.857059
3.018209
1.453657
-0.734378
3.934810
2.459208
0.829535
3.826655
0.933670
2.702601
1.961329
1.044833
0.675289
-1.648522
0.293467
2.737612
-1.660539
-2.736300
-1.385735
-2.898581
1.312660
-2.962667
3.455144
2.538181
2.944847
1.503861
2.394825
2.190260
-1.875180
3.718228
2.599224
1.494874
2.109623
3.759243
3.695171
1.043930
2.411688
-1.569360
-1.378959
1.708006
1.886517
-2.674397
-2.167150
1.876643
-1.363474
1.048385
-1.414610
0.657708
0.237417
-0.499773
1.295300
2.602703
-2.252874
-2.145198
1.312852
-1.725160
3.590569
0.325792
-2.001212
3.284044
-0.030414
-0.426546
2.551096
3.230577
1.105828
-1.903753
2.349298
0.652038
3.576237
1.642549
-1.795404
-0.075395
-2.351648
2.152087
-0.307131
1.999839
-0.342140
-1.779440
-2.806309
-2.365204
-1.149040
-0.132087
-2.627545
-0.916650
0.136412
0.809160
2.372008
3.830667
3.612981
2.182519
-1.914546
-1.649485
0.800324
-2.785609
3.548299
-1.990986
-2.168464
-1.890628
-0.980868
-0.184710
-0.790384
3.833637
1.629488
-1.394408
-2.380283
0.252620
0.583103
0.021133
0.039357
-2.635548
0.477052
2.318281
2.261417
-1.825515
-0.295202
2.146646
2.903423
-2.368917
-1.931827
-1.133459
0.785687
0.373905
2.545676
-0.657537
-2.328950
0.948099
0.239241
1.776194
-1.992567
-1.860580
-0.402061
1.851035
0.957232
-2.869233
2.219723
-2.864117
-2.876666
1.458833
2.941851
-1.665668
0.631188
1.496065
0.235553
3.798449
-1.657166
1.738669
-2.478031
3.794737
3.126810
-1.232210
2.233927
-2.122184
-1.259736
2.924678
0.938641
-0.305282
1.558109
0.550717
0.817787
1.617662
0.215708
-1.100427
-1.733703
-0.390500
-0.137568
-2.650729
1.198997
1.210231
1.825555
1.886042
1.713183
0.171024
1.394403
-1.967127
-0.510891
-2.437761
3.411841
0.876413
3.596190
-0.188320
-0.258581
-2.275442
3.143698
0.662716
3.503516
1.112903
-2.056896
2.662606
-2.734200
0.682086
-0.041359
3.545408
1.883358
-0.520529
3.417849
-2.347461
-1.208002
3.721017
2.475678
-0.181479
1.649872
-1.535800
0.284656
-2.947506
1.612021
-2.659831
-1.113649
1.127209
3.596815
0.008822
-0.721744
-1.691013
-1.871270
2.122249
-0.350123
-2.674699
2.192464
2.468421
3.568251
-2.333024
-0.593686
-1.220158
-2.266636
-0.290155
1.756268
2.330172
-0.864889
-1.455337
-0.541946
-0.639541
0.754574
-2.447404
2.111449
-0.726237
1.326563
-1.901844
0.626731
-2.105654
3.663641
-0.180180
-2.244538
2.823452
-1.211174
0.228168
0.808673
-2.456091
3.476294
-0.192949
-2.645145
2.586558
-1.725928
2.528247
1.311844
1.090708
2.656016
2.247812
1.068154
2.507097
0.780954
-0.293217
-2.407630
3.899655
2.823625
3.797184
0.997074
0.810872
-2.881105
3.878701
1.598556
3.055673
2.507345
3.318208
0.919793
3.341840
1.828566
2.222929
-2.501231
0.550009
-0.746309
1.462967
1.361020
3.983668
1.269485
2.709354
3.827845
-1.890945
2.168992
-2.490935
-1.144512
-2.720973
-1.043475
3.443227
-2.505587
-0.331978
0.267183
3.615738
0.361121
-2.007504
-2.211379
-2.955447
2.313873
1.696447
-2.772411
-1.677686
2.224549
1.274628
2.885827
3.087419
0.089953
-2.189739
-0.470686
-1.042641
3.128829
1.225429
-2.815215
3.173204
-1.243012
-2.365160
1.639891
3.241794
1.761381
-1.308415
3.945139
3.252174
0.475027
3.376813
-0.764405
3.615470
0.061187
-0.132638
2.466171
3.049101
-0.825632
-1.816746
0.295131
1.514885
2.204422
2.975854
3.262832
-1.813975
3.212753
-2.014266
2.088863
2.635609
3.839104
-0.630084
0.033961
-1.072050
-2.471714
-0.092361
-0.275660
-0.343975
2.082325
-1.415057
-1.523391
0.492651
2.744442
1.674015
0.783928
-0.299623
1.633135
2.683652
0.138222
1.599066
-0.642075
2.580337
-0.353096
-2.049422
-1.283121
-2.918807
0.290579
3.895110
3.105289
-2.313561
-0.493398
-0.541403
0.122360
-1.476624
3.616404
0.777501
0.144163
-0.365296
-0.477046
2.511610
3.078867
2.077740
-1.904202
2.240242
1.313288
0.692824
-2.810102
-1.838418
-1.563738
3.475249
-1.323435
-0.498890
1.451661
-0.157516
-0.095945
3.012381
0.861148
1.336920
-0.060170
2.062328
0.256735
3.608669
-2.491620
1.251087
2.909516
1.549101
2.742694
-1.887625
2.561572
0.068951
-2.563621
0.832361
-0.265371
-1.541556
-0.665365
0.560961
0.723053
2.087759
1.081658
-2.077923
1.278783
-1.901582
-0.268701
1.970378
-1.215713
-2.008493
0.200274
1.639812
1.387967
3.247251
2.749373
1.538688
0.937038
-1.231801
3.080539
-0.889258
-2.593133
-1.682746
3.143896
2.790680
-0.040481
2.235978
0.129498
0.364111
3.713169
2.216880
2.680415
2.944050
1.445516
2.637176
0.407166
0.801710
3.005830
1.232368
3.010777
2.276988
-2.946316
-2.649398
-1.947221
-0.386306
-1.862216
3.130665
0.042625
1.615082
-1.385438
2.560251
-1.060809
3.991934
-0.767295
0.457999
3.988021
1.895603
2.803360
-0.591979
1.486304
3.398699
0.218990
1.729922
0.435145
-1.977508
-2.777326
-1.367334
2.483412
1.695890
-2.320340
1.572864
-1.329387
-1.410737
0.071660
-0.462683
3.656492
3.346406
-2.013593
-2.919680
0.436999
3.042070
3.570560
-1.026700
1.781820
-0.174855
2.083644
2.047683
2.986241
3.440858
3.246576
0.787298
-1.324967
-2.603001
2.933039
2.995975
0.418299
0.989138
3.477908
-0.649970
-0.595524
-2.816013
1.159338
-2.660167
-2.617872
1.592459
1.862740
3.434551
0.876729
-1.819861
1.308014
-1.172155
2.835360
-0.491899
-1.341823
0.598523
1.589859
-0.274705
1.177366
2.003490
0.025421
-0.876514
-2.642373
0.454140
-0.461767
1.477310
-2.076186
-2.801502
-1.637959
2.060156
3.755043
0.507726
1.187060
-0.020981
-2.287533
-1.780635
2.442197
3.411283
-2.756193
-1.184276
-0.343335
-2.456716
2.105021
1.681664
1.638733
2.049359
-2.766464
-1.165149
0.347760
0.865845
-0.341617
3.805333
-2.972129
0.504014
-2.827904
-1.207497
-0.358602
-2.728256
2.809820
1.574610
-1.517673
-2.034290
-2.535402
1.223670
-1.587582
1.509681
3.477986
-2.318924
-1.942012
2.203498
1.232332
3.461266
2.507299
2.743192
0.982476
-0.916887
1.428263
-1.514874
0.491550
3.976764
0.193776
-1.635470
-1.986780
-2.341667
-2.816704
2.137534
1.601378
0.569181
2.593392
1.956337
1.379051
2.771822
-1.838074
-1.389695
-2.841067
2.445661
-0.598043
2.272884
-2.545768
1.190305
3.372758
3.954481
-2.783142
-2.008303
3.595601
1.725958
2.417661
0.206172
1.733950
-2.659570
0.040220
-1.483902
-1.502731
-1.103721
-1.464903
-1.577617
3.761727
0.053331
-2.035706
-1.171830
3.346832
-2.178863
-2.731454
-2.912479
2.930971
-0.652910
1.272161
3.939657
0.848749
-1.536844
3.490792
-2.124761
-2.440478
-2.875472
-2.812521
-1.746736
-2.101956
1.643659
2.182013
-2.780602
-2.151176
0.144990
-1.469079
3.101057
-2.043019
-1.026006
3.995762
-2.679896
-0.749164
1.976599
-2.506516
-0.028663
-1.282349
2.202385
-2.975709
-2.393466
3.482616
1.460084
2.986378
1.387052
-1.551600
-1.467461
3.391216
-0.640480
-2.318512
-1.193581
-0.121980
2.324829
-0.394328
3.256231
-0.041579
1.751633
0.908789
0.990367
2.497709
-0.163236
2.375858
1.699094
-2.477640
0.909761
-1.696817
-0.973227
-2.020962
-0.827097
3.983838
1.694955
-1.366583
-2.123408
-1.641749
0.441535
2.182437
-0.839970
-1.871287
3.802581
-2.726750
1.103747
3.594814
-0.249794
1.833918
-1.230351
2.854927
-0.944553
-1.615470
2.667915
-1.960562
-0.830567
-2.605653
2.848394
2.533551
3.770173
3.396593
1.884044
-2.518278
2.846412
3.296073
-1.627790
2.783410
3.760230
2.041238
-1.642983
2.644436
3.106090
1.257326
2.701810
-0.965342
3.800954
-2.174163
2.870403
3.862079
2.660853
3.146182
-0.816824
2.967850
3.882976
-2.667356
-2.365723
1.876287
3.320573
0.755396
-1.349866
1.955564
0.765594
-1.724249
-1.211113
1.296039
-2.830912
-1.375861
-2.458556
1.510845
2.881087
-1.930842
-1.710966
-0.280985
-1.462279
-1.384311
0.883552
-1.597922
2.225272
1.185234
-2.559972
-1.108099
-0.514343
0.676883
2.626991
1.740748
-2.487419
0.699034
3.883053
0.135577
-1.508863
-1.717228
0.231765
-2.432971
-2.409711
1.265631
1.866109
-2.944523
0.547784
-1.015215
1.943851
1.847341
0.249788
-1.669051
0.065819
0.769647
-1.358108
-0.146508
1.729727
-1.538074
3.456797
-2.909245
0.260735
2.381665
-1.346842
3.073245
-1.693274
-2.778347
0.648748
-2.820584
2.258483
0.268181
1.329224
1.786211
-2.436594
2.454679
-1.697222
-2.921848
3.629815
-1.499959
2.159331
3.544646
0.873699
-0.350742
0.281364
1.645228
-2.556503
2.859182
0.868266
-0.577637
2.693454
-0.060887
3.025023
-2.470633
0.543282
1.373989
0.859668
2.667869
-1.523861
1.260983
1.732225
0.525825
-2.048865
1.940634
2.184731
1.354761
-0.366342
-2.345839
0.375733
1.492505
0.185153
3.788651
0.282416
-0.506300
0.880929
-2.495062
3.073868
1.392954
-0.386569
-2.359797
2.629099
-0.511384
-0.984648
2.449173
3.269238
-1.661315
-1.822417
0.084818
2.927984
0.270557
-1.668801
3.076229
-1.545923
3.842095
-2.371438
3.023929
3.097093
1.959179
-2.132721
1.957165
1.301461
2.365553
3.313477
1.598029
-0.111096
2.235580
-0.642746
1.131545
3.968311
-2.213877
2.647109
0.172220
-1.335703
3.321980
-1.858289
-2.821662
1.534866
1.250849
-1.795498
3.572367
-1.504120
-2.164052
2.161228
-2.280288
-1.283917
1.481429
-0.419544
0.510973
-1.188459
-0.329940
1.852506
1.960921
-2.584831
1.500468
0.310938
-1.760478
2.752671
-2.228760
1.934913
2.738846
-1.298797
2.075999
-0.786878
-2.804286
-1.232250
3.701607
-1.853722
1.369947
1.731288
-1.254427
-1.286329
1.379357
3.044533
3.921538
0.654618
1.084114
3.356319
2.464534
-2.935792
-1.997464
0.574812
3.435506
0.569977
0.773242
-2.100456
3.637043
3.501435
0.864800
0.951937
1.542070
2.030661
-0.847496
2.927073
1.319598
2.846550
-1.862455
3.620506
0.667868
-0.306720
0.911728
-0.935436
0.490333
3.464650
0.860181
1.924147
-2.990213
1.556829
-1.488546
-1.499690
-0.706476
-1.313143
2.852028
2.673845
-2.251698
1.121327
-2.874129
-1.705072
3.306715
3.374818
-2.851464
-1.840914
3.763407
-0.030349
-2.153643
-1.268612
-0.548223
0.933187
1.444615
-2.141888
-1.065860
-2.371958
0.363477
-0.877959
3.140484
3.585217
3.449096
-2.251913
-1.675630
2.251482
0.605852
-2.083898
1.206799
1.834573
0.638978
2.363678
3.724184
1.347339
-1.564232
2.737593
2.011354
-1.037871
2.689630
2.017476
3.725102
1.098586
-2.563446
3.786282
-0.509821
1.941260
0.218662
1.707472
0.967358
-1.791739
2.960401
-0.983052
-0.504459
-2.860524
-1.901353
-2.226920
2.983265
-1.839453
2.071558
0.673570
-2.491102
2.610381
-1.169826
3.786579
0.771770
3.764212
-2.952448
-0.631935
2.652374
-1.441510
3.091089
-1.308721
-1.924688
-1.665887
-2.741892
-2.756127
1.403084
3.101286
2.775801
1.040174
0.830117
3.654497
0.132147
0.683083
1.638760
-2.425428
1.633996
1.049423
1.364488
1.925879
3.172231
2.562941
3.930926
1.937922
0.124166
-1.913966
-0.243768
0.922409
-2.055526
3.538390
3.720472
1.779324
3.348217
3.940975
1.363200
3.959786
-0.488098
2.889354
-0.021398
-1.048615
3.547565
3.125097
-2.144085
2.673570
-2.631560
2.630664
1.274449
-2.467092
1.663018
1.361047
2.080382
1.545049
-1.427145
1.886462
-2.703928
3.662978
-1.033893
1.481451
-2.801886
-1.001728
0.309805
0.673202
0.975668
-2.523534
3.989575
0.583798
1.149484
3.377858
3.748120
-0.658571
2.960429
-0.021480
-1.220891
2.395050
3.045641
-2.514491
-1.338871
1.696017
3.796049
-0.410329
1.899723
-2.046284
2.942104
0.480281
1.290543
-0.805128
-1.924169
-2.880943
-0.101444
1.950139
1.750944
-2.880613
3.533860
-2.659665
3.097182
2.997866
-0.714453
3.528075
2.032806
3.217005
-1.338214
-0.026232
2.584795
2.667941
3.400797
1.419343
0.603255
2.601337
-0.797122
-0.582411
-2.756485
2.366650
-0.417119
0.831926
3.585526
-1.989107
3.349827
-2.228439
3.630408
-2.815292
3.056526
1.186316
3.738831
1.718632
0.219852
3.076607
3.960976
1.531876
0.622329
-1.515147
1.986518
-2.355494
-1.916524
0.388440
3.136594
3.814243
2.535531
-2.081896
0.666561
-1.408992
3.977772
1.952825
-1.136548
-1.015673
0.027327
1.406878
2.661902
2.118224
2.898365
-1.350165
2.987915
2.710033
3.624291
-0.983298
3.858087
3.887968
2.319606
-2.548846
-1.970211
2.984861
3.306427
2.036946
-0.067911
-1.126940
-2.823832
0.046645
0.318839
-0.106739
1.147171
2.678904
-0.487956
-1.457362
3.466847
1.514212
-1.484649
-2.931168
-1.915205
1.276215
-0.885761
-1.677734
1.661296
-2.295637
1.357632
-2.649421
0.171622
-1.763092
2.321387
1.316392
0.606085
1.568453
-2.780231
-1.528867
-0.093435
2.840138
2.108505
-1.486266
1.202486
-2.502299
1.608335
1.634477
-1.321631
1.205008
1.489408
3.242286
-2.895370
2.396700
1.517731
3.593301
0.638979
3.856265
-0.377086
-2.158850
-0.351305
1.725506
2.340245
1.685573
-1.157395
0.731843
3.122460
-1.661801
1.510888
-2.578176
2.103957
3.974030
-0.764664
-0.418764
-2.713511
1.174520
-2.376534
-2.520517
1.269695
1.405918
3.568761
2.595655
2.773894
3.005413
-1.218053
-2.944366
3.488825
-1.428975
3.500662
0.973678
-1.796824
2.485900
0.322062
-0.491531
-1.498775
0.187813
-1.658982
2.528060
0.635745
-1.815777
-2.437934
0.773905
1.032176
3.050846
0.828964
2.165987
-2.835990
0.360086
-0.042176
-1.826382
0.581147
-0.479170
2.145685
-0.330614
1.861001
-2.930019
-1.624219
-1.509945
-0.105798
0.397739
-1.254692
2.610831
1.357918
-1.981332
0.339046
1.230038
1.410849
2.745119
-1.112225
-0.594969
-0.253555
2.694290
3.871316
2.517447
-0.540346
1.200232
-2.040734
0.140584
3.107960
-1.690579
3.799402
0.594706
-0.447897
-0.716247
-1.913586
3.927857
0.745263
3.437060
1.228598
-0.954190
2.172601
2.298131
-2.333463
3.024446
-2.639892
0.096472
2.493982
3.217545
0.610132
-0.372767
0.363715
0.794310
-2.837604
0.498298
2.253032
2.842963
-1.045600
-2.796687
1.312882
-2.733078
2.835373
-2.535665
-0.658168
3.208133
3.137447
-0.751964
1.936410
3.929821
0.363608
-1.386774
-0.755789
2.642622
-2.843450
1.340258
3.723971
-2.789057
-2.912631
-0.315477
3.118597
-0.294113
0.397376
-0.248734
-1.139678
3.079392
-2.303929
3.688208
-0.038990
2.622492
-0.711365
2.795221
1.279959
2.415003
-0.518506
3.904160
-2.172265
0.130700
2.112879
0.331460
1.434561
-1.610587
3.847065
2.336139
-2.372969
-1.725654
1.333417
2.782211
-1.458215
2.531790
-0.154864
-1.020655
3.163047
0.745858
0.709128
-2.927166
0.780710
-1.917139
2.094744
-1.756600
-0.908017
-2.298402
-2.518711
2.737317
0.456460
-0.180878
-0.338048
-1.668958
3.158162
0.759748
2.237550
-0.189455
2.831046
1.167142
2.961472
1.360036
-0.587274
0.512187
3.639094
2.675670
-1.515445
-0.620013
-1.797076
-2.172734
0.351158
-0.842486
-1.135577
-0.573668
-2.224668
0.649508
1.005574
0.731440
-1.870572
-1.883165
2.263335
-0.862216
0.979888
-2.890426
0.259370
1.020482
0.995370
1.841921
3.548571
3.387354
1.362055
0.173307
-1.407875
3.723536
-0.324144
0.957947
0.161257
0.732604
-2.385776
-2.089298
-0.503789
2.226362
2.298028
2.148010
1.529490
1.989121
-1.750678
-1.134221
1.977820
-1.178679
3.614796
-2.764347
-1.208825
-2.695972
-2.469521
3.193974
-0.548454
-1.862288
3.951247
2.231281
2.903308
-2.780781
1.017615
3.270684
2.183331
0.140152
3.381398
-0.932660
-0.400012
-1.744171
-1.277723
3.877982
-1.694524
0.870475
2.152805
-2.023371
2.121684
-1.097898
1.769502
-0.520613
-0.047667
-0.083673
-0.336867
2.613868
2.117649
0.385998
0.290116
-1.099086
2.469436
-0.756510
2.136676
1.327060
1.780314
-2.180800
0.459518
-2.341989
-0.257431
-0.040683
-1.727021
3.674239
3.797616
1.700106
-1.787842
1.749931
-1.522120
0.314342
3.363833
1.265041
1.541930
2.898901
0.538310
-0.875046
-0.459633
3.299201
1.243707
-1.168113
3.186799
2.648140
0.532485
-0.425596
1.640069
1.571816
-0.473396
-1.105481
1.043127
-0.928111
-1.986813
3.630772
1.094145
-0.912107
-2.791812
3.186684
0.826048
2.929726
3.693233
-1.801015
-0.276696
-0.881305
2.969927
3.590691
-1.260213
-2.929333
2.567564
-0.603067
0.479584
-0.889996
1.663883
2.176736
0.366368
2.971834
3.886402
-2.704202
0.382048
1.349630
-1.714878
-1.400335
3.850242
-2.140611
0.946398
2.339381
-0.871785
-0.394521
2.142794
-0.285039
2.565459
0.948460
3.671016
-1.243657
2.938900
0.244116
3.207667
2.039112
-1.097740
2.304276
-2.227411
0.055790
3.906571
-2.388406
-0.948463
3.901114
0.234176
0.446115
-0.235251
-0.710258
-1.236629
3.564992
1.908271
-2.132427
3.773339
3.776099
0.713339
-2.746243
-0.252230
-2.320181
-0.935639
0.358552
0.292835
-0.075780
2.508314
1.691831
2.287126
0.814231
3.346498
-2.163156
2.060558
3.800890
3.189423
-2.147450
1.269315
-1.856815
2.509466
-1.488439
3.519909
3.271808
-1.868086
2.146604
1.373038
0.842039
2.644688
3.966192
1.654795
-1.196566
2.713856
-0.367194
-1.481581
2.786558
2.167250
0.873955
2.450322
-2.679381
-1.726690
0.985237
-2.400374
-1.197218
-0.502816
1.009693
3.928473
2.887403
3.277071
2.976497
0.951892
0.871200
3.480690
0.680905
-0.578850
-2.338795
2.072698
-1.267003
-1.414374
0.394367
-2.642186
2.288332
-2.040918
3.006735
2.982183
-1.606401
2.696334
2.272387
-2.893160
0.022726
-2.227315
1.027960
-1.452204
3.129625
-2.993813
2.857689
-0.874140
-0.190163
0.964520
3.010890
-2.781223
-1.998328
0.658558
-0.625699
-1.281209
-1.982992
2.380070
-1.669789
-1.020282
1.304325
-0.436161
1.871127
-0.103167
-0.817719
2.169304
-2.082680
-2.846117
2.820537
-2.230065
1.597192
1.581573
-0.590698
-2.218171
-2.021803
1.872111
-1.801462
-1.004169
1.436146
3.768177
2.089690
-1.691922
-1.342488
2.583516
-1.443631
3.695786
-1.289147
0.323671
-1.392693
-0.679817
-0.182508
1.783037
1.562668
-1.236883
-1.662601
2.512177
1.087661
-2.503860
-1.148609
3.071894
-1.373444
0.877612
-1.193809
0.768790
3.053810
3.045383
0.869375
-1.303810
3.750881
-2.064418
2.297306
0.318945
2.308852
-0.830214
1.811434
-2.330478
-0.157119
1.055433
2.816890
1.888855
2.810178
-0.901761
-1.326609
2.291147
1.270403
0.490259
1.588759
0.650507
0.841900
-2.185025
-2.476830
-0.531221
-0.250143
-2.075726
3.610708
-2.691818
-0.472400
1.682916
2.675583
-2.998405
3.576301
2.789747
-1.919177
1.645492
-0.077843
1.819922
3.110018
-0.420609
2.553693
-2.312611
2.159464
2.303640
-0.407981
-1.139579
-1.610478
1.329030
0.060263
1.974208
-2.483176
3.119812
3.260002
2.847493
0.651520
1.576823
-0.791065
-1.978101
-0.902755
-2.609105
-1.716871
-2.718885
0.003211
3.823175
2.256457
2.425572
3.051212
1.673200
0.397214
1.846862
0.103860
2.632432
3.103737
3.627578
-0.285497
1.767457
2.705158
-2.262417
-2.484744
-0.428710
2.596026
2.631973
3.376067
1.653202
3.979023
2.865833
1.433750
0.358916
-2.404842
-1.646140
1.466913
3.977684
-0.893405
1.345451
-2.603509
3.274786
-0.522655
1.321496
-0.795420
2.299438
3.718429
1.300996
0.659819
3.564965
-2.090244
3.657485
3.049447
-0.436229
1.157236
-0.725592
-1.418572
0.766918
3.671278
-1.402172
-0.930317
0.273351
-1.654809
-1.963101
2.060903
-2.092972
1.553631
1.159465
0.477749
-0.073018
2.319799
-2.945802
-0.051900
-0.274579
1.837566
3.826819
3.132639
1.995250
-0.240002
2.240065
-1.122961
-2.584907
-1.626941
-2.967243
3.737647
3.046048
-0.304559
3.265752
3.064867
-1.683173
-2.162680
0.030068
-2.366619
1.788899
0.050104
2.269051
2.153254
-2.508391
3.935369
2.280244
3.568146
0.861803
-0.833459
3.400508
-0.722851
-2.478011
0.003568
2.580150
3.561985
3.999747
0.963129
-1.723324
1.969969
2.216533
-2.173082
-1.448666
0.928744
3.084105
2.303359
0.309123
-2.019830
2.394236
2.523298
1.932279
-2.113474
-0.023933
2.007374
-0.850272
3.554769
-0.186440
1.910266
3.536399
-2.009775
0.472255
0.068065
1.334446
3.493186
1.867919
0.590044
2.974954
2.767509
3.534359
2.324961
0.752490
3.639660
-1.570650
-0.450137
2.273843
1.182299
-2.664406
-1.533478
-0.971844
3.252454
0.848712
1.902985
-1.378614
1.031632
2.742037
-0.983246
3.965309
-0.489871
1.225448
3.943264
-1.532320
-1.614746
0.793823
1.720772
2.755851
-1.563480
3.781955
0.150163
-2.369826
-1.454929
2.319903
-0.897963
-2.400163
-2.094932
3.117408
-0.105669
3.181147
1.947386
1.016560
-2.381006
-0.593751
-0.251886
0.714499
3.641988
-2.544652
-2.183817
-2.858152
-0.155539
2.425196
-1.176334
-0.531358
3.295710
3.265558
0.586029
-1.125160
-2.478125
-0.930666
1.351664
3.985610
3.828512
0.624330
-0.510906
-2.846517
0.540558
2.659434
2.095505
0.847572
0.315312
3.277422
-2.605433
2.431569
-2.654280
2.693653
0.740824
-0.910667
0.675968
-1.875548
1.413214
0.924585
-1.649324
2.033309
1.472011
-1.020349
3.813337
-2.879713
0.255794
-1.189451
-0.797133
1.584453
-1.957126
-0.169215
-1.099430
-1.658953
1.512874
-1.022288
3.574843
0.442855
0.423851
-1.257976
-2.518425
-2.413775
3.012923
2.001572
1.233624
3.995218
-1.614208
-2.486737
-2.807547
-1.001206
-2.726974
0.472411
1.191094
3.594256
0.745210
-2.004729
0.413344
3.281186
1.655482
-2.549132
-1.543013
1.956771
2.358993
0.216367
-2.270641
0.303001
1.994915
1.912017
2.416584
2.273074
-2.235066
3.565822
0.115212
1.559325
-0.580159
-0.891935
1.539449
3.609876
-1.635016
-0.468679
-0.813158
1.257262
-2.113517
1.508002
1.799531
2.198478
-0.131550
3.154540
2.540501
2.659991
-1.902681
0.245432
-0.711810
2.968881
-2.435333
0.821059
1.361784
-1.975393
-2.428766
2.890977
-1.186508
2.374042
1.239735
-1.406620
2.712561
0.617299
2.751547
1.554313
0.720951
-1.349759
-2.721512
-1.477760
3.754697
1.708440
-2.988414
-1.419971
-1.522120
2.847749
-2.231620
1.224571
0.516468
3.334907
-0.496394
-2.812287
-1.882735
0.517621
1.812253
3.005897
-1.189987
-2.058554
1.934370
-1.473507
1.004282
3.523581
-1.419576
0.869459
2.955523
1.427222
3.161120
-1.463874
1.395642
1.109266
3.861208
2.663769
1.644941
1.061904
2.353846
-0.122240
-2.313887
-0.937078
1.895938
-0.504320
-1.327279
1.730817
-0.263601
0.073206
2.650920
0.215490
2.628616
-0.842547
1.219148
-2.472850
-0.054345
2.615393
3.580968
0.114060
-2.687239
-0.274121
-0.363264
-0.898493
3.327122
-0.568648
0.022415
3.737254
3.809772
1.086822
-2.347056
1.316936
-0.058469
3.551887
2.321794
2.024491
-1.775747
-2.585073
2.735236
-1.020702
-0.064644
1.666987
2.459549
0.297626
0.767919
3.558553
0.064336
-1.163341
2.320486
1.170625
2.297237
-1.449861
2.727105
-0.478931
-2.722226
2.154253
2.726821
-0.757207
3.015934
-2.404170
-2.486565
3.100618
2.834182
3.293853
2.533128
-1.970024
0.400398
1.690131
-1.332946
2.750237
1.926002
1.196997
3.184145
-0.690484
0.791267
-2.968289
-1.582649
-2.112878
1.214129
-0.978711
-2.394542
1.086134
3.822604
-2.486475
2.119884
-2.159559
0.901542
-0.005404
1.940957
-1.166477
-0.722107
-1.213483
-0.988664
-0.518646
3.613568
-2.438537
0.407753
-2.134091
0.304021
-1.878560
3.933251
-1.278848
-0.294214
2.030579
0.575297
-1.331703
2.520541
-1.955184
-0.073413
-0.420445
3.398981
-2.036001
0.769824
3.683202
3.671319
3.828126
0.420987
3.189495
-2.199811
1.034104
2.882651
1.147131
2.359764
-2.068796
2.458972
3.114787
2.660435
2.843206
2.545990
-2.095101
1.221905
2.139256
-2.896930
-2.835221
3.250751
1.699837
-2.675391
-1.760466
3.834023
-0.406100
1.878609
-2.999417
-2.626941
-2.091360
-2.566382
3.439221
0.788330
3.951260
2.698858
1.639296
-2.804194
2.941241
-1.406443
-1.296196
2.059497
3.351476
3.242902
2.002927
1.425177
1.842052
1.635241
2.705573
0.967853
3.444762
0.756788
-1.549153
1.443323
-1.516044
0.349658
3.682912
-0.675398
-1.472707
-1.677314
2.304439
2.556946
3.639760
-1.937357
0.994634
1.820790
3.841715
0.392989
2.376573
3.865878
-1.784882
1.517207
0.706451
-0.201065
2.732195
0.474673
0.482370
-0.992909
2.510585
3.811669
2.078341
0.888187
3.762382
2.719151
-1.736241
-2.329077
-0.840997
-0.722879
-0.165032
-1.987430
1.774314
3.710744
1.491729
3.200428
-2.660282
-2.186634
-0.559017
3.708718
2.606874
-0.436054
3.261014
1.664818
2.089880
1.842955
-1.543451
3.699284
1.868844
0.715942
-1.409769
2.972743
-0.402031
-0.886443
2.598502
-2.344314
2.864707
1.482163
-2.270026
2.713825
2.151676
3.078938
-1.817321
1.719429
1.841261
2.118492
-1.836075
-2.481128
0.623380
0.488702
-2.829519
-2.435914
3.827454
-2.757729
-1.403242
-0.380604
1.279386
-2.186211
0.232872
0.934330
3.548789
2.021227
-1.790762
1.394825
-1.781982
-1.755147
-0.478864
3.767527
-0.068417
-0.575303
-1.796354
-1.263569
-0.977523
2.632095
1.619124
2.675624
2.042908
-0.341679
-2.177470
3.297058
1.546727
3.247130
1.247525
2.830029
-2.127378
-2.810659
-1.631003
3.846905
-1.605749
-0.762748
-2.979959
0.163815
-1.340146
-0.712601
1.194530
2.743346
2.420127
-1.798948
-1.614191
1.442982
-0.844928
-2.683165
1.174214
2.356208
-2.452158
3.726863
3.680954
-1.423365
1.387312
3.507495
0.309073
-1.737944
-0.421503
-2.181925
2.072241
3.752299
0.496644
0.794643
-0.831540
0.466145
0.589190
2.018817
-2.401842
2.499886
3.302359
-0.704365
3.559669
0.053953
3.783889
1.497141
0.666154
-0.706163
1.443090
-1.321094
0.091847
-2.123437
3.266859
-1.780660
3.573864
2.638698
-1.121544
-2.781013
-1.501053
3.802136
3.544456
3.015460
1.094575
-2.096123
-0.940536
3.748263
2.882166
-1.210296
-0.538126
2.940938
-1.417811
-1.713943
2.995769
0.298473
1.062611
2.845686
-2.382821
-0.363903
-1.109526
2.925671
2.768957
-2.985357
-2.531393
-1.893785
-2.040890
0.454537
-1.137062
-1.071874
-0.493230
0.741971
1.526849
3.472380
-0.122355
-2.160377
-1.648568
3.219230
2.401856
-0.242905
-2.836204
-2.568381
3.725068
1.878421
0.518691
-2.618271
-2.056746
-0.780939
0.714254
0.894802
1.670633
-2.848855
-2.364375
-0.771736
0.860259
0.012598
2.838484
-1.456034
1.433210
-1.667104
-2.248546
-1.599289
0.296274
3.761082
2.266715
1.348512
3.809827
-0.397163
0.982785
3.406915
-1.021727
-0.586549
0.123892
2.756058
1.677942
-1.262972
2.177083
2.514704
-2.435505
-2.620080
-0.058993
-1.076773
2.289700
3.701063
-0.369864
2.441937
3.913471
-1.835716
-2.573379
0.412379
-1.096053
1.809241
-1.786278
0.530591
0.372108
2.018137
-0.326715
0.227038
-1.732415
-0.770033
-1.690752
2.253638
-2.165433
-0.526443
-2.453485
0.976047
0.257790
1.800396
-1.983624
-0.488317
-0.846404
3.391119
3.681763
-1.284689
-1.976334
-0.254409
2.101910
2.755636
0.294116
-2.856341
1.228677
-1.232750
0.840127
0.531559
-1.946680
-2.455771
2.481560
-1.025169
-0.892824
2.671487
3.315623
-1.305864
-1.590555
-2.931582
-1.583241
-2.274896
2.476596
3.341506
3.692263
2.351188
-0.254985
1.862276
3.482603
-0.698974
3.892432
2.566224
3.975951
3.698056
1.289642
1.462375
-1.775314
2.100538
-0.730651
-1.631422
-2.072623
0.740453
-2.802566
3.828043
-1.676412
-0.837921
-1.319906
-2.139899
1.415659
1.117502
-1.416220
-1.882841
-2.143451
-0.903260
-1.832087
2.551273
-2.772516
3.640865
3.549547
-2.313954
1.242795
0.240978
1.586919
-1.093958
-1.859214
0.741162
1.037014
-0.159811
3.764746
3.146733
-1.190915
-2.475268
2.790880
1.956017
-1.915411
-1.933121
-2.481653
-0.146885
-2.142154
-1.209465
-1.017323
3.648286
0.455844
-0.226904
3.480422
-0.862867
1.904400
3.754300
0.255798
1.019291
2.227791
1.009688
-1.603977
-1.783771
3.175842
0.365799
-1.797371
-1.736523
1.007924
-2.539171
-1.140387
-0.562390
-1.847022
-2.829498
3.086545
0.017585
3.522913
3.213574
1.264389
-2.469982
-0.234368
0.590957
-2.727391
-1.134162
-1.018191
2.545501
0.705651
1.706111
-1.652481
0.152928
3.622324
-2.161205
0.595314
3.913039
2.550676
3.865051
3.358578
-0.670050
-1.178547
1.869245
2.235785
2.964209
1.017045
-0.375929
-0.738047
-0.401266
-0.429397
-2.415071
1.069721
-0.121880
3.471192
3.599072
-0.962889
-2.611836
-0.385383
-0.103644
1.600664
-1.555754
1.439577
-0.776312
-2.876267
-0.828582
3.145561
-1.530728
0.572841
0.265685
-0.023202
0.346542
2.586245
3.611515
-2.463608
-1.938516
0.865167
-1.623596
2.453178
0.014147
3.401412
-1.647198
2.001558
-0.379307
0.657009
-2.430367
2.337198
2.188581
-1.013659
-1.710612
3.653191
1.313520
2.050638
-0.500988
3.791372
-1.271577
-0.943860
-2.115308
1.294168
2.127103
-1.783737
-1.974619
1.361500
3.732759
3.579231
-2.978299
2.505283
0.344697
2.537058
0.215896
1.830868
-2.335706
-2.273025
1.660840
-2.667009
0.447115
-0.435251
-1.272462
2.655303
3.742342
-2.266477
1.730036
2.711008
-0.687645
1.695871
-0.211689
-0.208383
3.224225
2.750012
2.151803
-0.523445
3.317399
-0.027233
2.483609
3.024919
-1.571257
-2.845858
-1.676193
-2.329248
-2.212245
-0.631731
0.356151
-0.744730
2.136157
3.076595
0.494001
3.389651
-1.982082
3.737785
2.802629
1.292740
-0.043314
2.755225
-2.312574
-1.498653
0.231711
-0.444001
3.334427
3.719210
-1.920825
-0.992023
-0.316275
-0.454634
1.501096
-0.257946
-2.248062
3.690560
-0.405523
-0.184213
3.997333
2.726701
-1.330714
-2.470695
-1.242145
0.921439
-0.921402
-1.529734
-2.760461
-2.089412
-0.630899
0.861950
0.850254
0.463069
3.231382
-2.086060
-2.511563
1.087630
1.353460
0.565960
-2.399312
2.406795
1.274618
3.177382
-1.815289
-1.535626
-2.082250
0.438889
2.479870
-0.938984
0.218714
-2.073868
-0.306535
1.235824
0.978667
1.989539
3.682493
-1.044234
-0.195523
-1.710931
-2.732685
0.631849
3.264257
2.448995
3.363835
0.837687
2.806240
-2.479060
0.371891
-2.935477
0.331304
0.580547
0.875667
-2.556575
-2.295914
1.178375
-2.609454
1.470868
1.925864
2.067416
0.795336
-1.539028
2.764425
1.640608
-2.169559
2.292678
-2.610059
-0.164463
0.162098
2.310898
1.972509
-0.592073
2.564184
3.442832
-1.252368
2.435895
1.595951
0.620289
-0.903287
-1.317468
0.058951
3.096726
1.217780
2.035571
0.026932
1.808188
-2.506374
2.549253
2.863448
2.140990
-1.240511
-0.471699
3.296059
0.337799
3.104248
0.216188
0.252668
2.621205
3.566985
3.055127
3.712538
-1.538760
0.031126
0.727556
1.637832
3.043833
0.061256
-0.400957
-2.240732
-0.807284
2.162638
1.993986
3.146564
-2.985023
3.250675
-0.761417
-0.446511
1.239944
-2.529675
-1.301983
-2.198381
-2.253492
-0.544328
3.250991
-2.699771
3.967426
-1.501427
1.326685
1.403123
-2.122722
0.258719
0.594619
-1.631424
2.590900
1.762686
1.225315
2.253404
0.790533
-0.884380
3.658940
-2.462466
3.282327
1.581124
-0.036500
-1.027653
3.508054
-2.024807
-0.447563
3.228511
-0.263163
2.534138
3.342513
2.447749
2.400232
-0.660429
2.940814
3.859759
-1.243316
0.921744
3.695514
2.855401
-0.676504
0.312141
3.726347
-1.870036
-1.620309
-0.392792
2.167754
3.483625
-1.312507
3.066785
0.149521
-0.193990
-2.680502
-1.050708
1.587396
-1.972887
1.698350
-0.378095
-2.850902
2.861742
-2.692154
-1.487415
-1.164922
2.019381
-1.702907
-0.737083
-2.030351
-1.126288
3.454184
2.529109
-2.201648
-2.518163
2.725694
-0.609312
-2.826846
-2.222265
0.541183
-1.393431
-0.269537
3.225829
2.911842
2.891475
-1.167441
-2.540277
-0.339749
-2.102174
2.197029
3.892874
-2.997645
1.240770
-1.647326
-1.168712
3.152543
1.758007
2.478405
3.335487
3.632374
0.407048
-2.111001
-0.773056
3.814913
0.157869
0.016613
-2.309227
-2.378365
-1.209290
-1.113308
-1.911517
-2.375459
-0.236503
0.462856
2.237855
3.250916
2.905551
3.241932
-2.610689
-2.711261
1.029825
1.902009
0.472533
3.975018
1.037504
-1.979585
0.502118
0.820416
-0.639250
0.656217
0.048423
-0.990554
0.817676
-1.160279
0.131820
-2.674183
1.262868
3.703970
-1.395773
2.735580
2.157004
-2.877111
-2.695145
3.838163
-1.280423
0.952266
1.923186
-2.882345
3.627979
3.511689
2.569723
1.784192
-0.687762
-1.808891
0.858819
-2.366403
1.101790
-1.734829
2.059420
0.908766
1.662295
2.903288
-0.269655
-0.218244
2.084479
3.089008
3.815448
-1.535886
-1.366818
-0.634244
2.563400
-2.875117
3.927627
2.512105
-1.190227
-1.139058
2.014315
1.731774
1.691176
1.487638
0.728558
1.957797
0.470071
0.423676
0.268741
-2.150780
1.764013
2.719730
0.602551
2.966456
0.685043
-2.286995
-2.239337
3.905353
0.187876
-1.448934
-0.293486
2.842294
2.554395
-2.364966
-1.799060
-2.038372
0.991852
0.201640
0.651950
-0.831326
3.784711
-2.064755
2.658432
-0.550728
1.541070
-2.497970
1.916742
2.291323
-0.829041
0.200141
3.541096
1.483556
-0.209597
1.234223
0.007051
0.230308
0.527766
-1.795728
-2.318697
2.264112
1.222552
0.475450
-1.274793
-0.671135
-0.623799
1.409088
-1.159726
-0.411289
3.748188
-1.372495
-1.751924
-2.362475
2.300223
-2.129170
1.883434
2.851147
-0.418846
-0.954734
-0.567054
-1.858262
1.321336
3.042484
3.468267
-1.847454
-0.353184
0.491669
-2.969105
-1.149331
2.215865
-0.566628
-1.756194
-2.855366
-0.174991
-1.144367
2.923726
0.218824
-1.827217
-1.318347
-2.502867
0.702689
2.973382
-0.031041
0.882202
-0.386191
-0.837051
-0.804591
-1.450597
1.776267
-0.539028
1.777754
0.554907
0.921439
0.986957
3.265696
3.771585
1.790117
1.380664
-2.189610
-0.922438
-0.284635
-1.669316
0.952264
0.071119
0.297442
-0.373010
1.853291
-1.413859
0.118079
-0.266148
-1.836343
-1.895593
-2.896806
1.545685
-2.742366
2.440320
-1.904916
2.390437
-1.636377
2.253834
1.749134
3.529378
-0.228230
1.024163
0.179671
-2.689473
2.196666
3.067184
-0.368405
1.293236
-2.970654
0.079068
0.699296
3.819057
0.778799
0.899808
-2.371047
2.711187
-0.722964
1.133880
-2.576206
-2.935614
-2.862649
-2.796541
0.533916
3.207049
2.304511
-1.330780
3.937961
-2.124910
3.263478
1.957211
3.581421
-2.080828
-1.103560
3.799427
-2.926584
3.518512
-2.083460
0.230217
2.454763
-1.148135
2.265096
-2.953263
-1.002048
2.670843
1.268623
-2.987914
-2.672067
0.322794
3.848049
0.467424
2.964035
2.892543
-1.804730
-2.581142
-1.166659
-1.494350
1.697725
2.581062
-1.558979
-1.470140
-1.493351
0.259774
3.577679
1.020600
3.264671
-0.537503
-0.678623
2.899581
3.634993
-2.751821
-2.347068
-2.322711
1.056564
3.139905
3.394326
-2.412295
3.611201
0.052092
0.218480
-2.681784
-2.491901
-2.074741
-2.445256
1.498623
2.891188
-1.414646
-0.704702
-2.390160
2.066282
1.136127
3.298407
0.329003
1.901482
0.195991
-0.499038
2.438604
-2.535591
2.423896
-1.698103
1.321572
3.246721
-0.831996
-0.436399
-1.410168
2.989511
0.200311
-0.928269
0.118365
1.926832
2.033026
2.420205
1.757206
-1.639522
2.026675
3.949763
1.536318
-1.997143
-1.643180
2.326302
-2.430044
2.976543
-1.323739
0.921383
-2.182384
0.461433
-0.364548
3.976261
0.254467
2.190751
-0.338159
0.581764
3.628783
0.833126
2.656018
0.548611
-0.848394
-0.732302
2.716691
3.014517
0.736917
-0.353331
-0.506744
-1.635335
3.225267
1.323384
1.206005
-1.132069
1.820582
0.157628
-2.813116
-0.362656
2.089706
1.956000
0.565943
1.167943
3.309999
-2.849118
-2.338861
-2.311275
-1.149415
-0.840687
-1.386845
-0.630234
-1.695937
-2.633236
2.675403
1.572093
3.820935
2.710965
-2.606664
1.819090
0.397283
1.410875
2.823678
1.501166
-1.894496
-0.522412
-0.304653
-0.230956
1.225223
1.503207
-2.116242
-2.544819
-2.854422
2.701068
-0.792117
-2.131464
-1.221348
0.809363
-0.820189
-1.035605
-2.421194
1.577751
-1.071339
-2.344220
0.692339
3.142709
-1.598578
0.699718
2.719677
2.159078
0.315904
2.671869
1.442246
-0.861422
3.399872
3.555657
-1.774829
3.325160
3.607726
-2.961525
-1.741467
-0.501329
1.963183
-0.900121
3.712692
-0.221813
2.322065
3.071229
-0.207700
1.629413
0.254378
2.798040
0.235466
1.106715
3.382470
1.452877
0.947505
-2.151031
-0.578891
0.431045
3.522762
-0.378223
-2.823906
-0.018869
-0.657077
3.614471
-1.479525
-1.946166
2.003188
3.577881
2.836070
-1.443996
0.587307
-1.217633
2.080486
-0.521478
-0.816110
0.441573
2.617764
-1.933543
0.214108
3.766814
1.913025
-2.491169
-1.264549
-0.765138
1.972442
-1.067215
-0.991587
2.096079
-1.610425
-0.173903
0.148316
1.345340
-1.046116
-0.373066
2.846264
-1.787039
1.870258
-0.235995
0.346326
1.801402
-2.257148
0.321543
-1.228341
0.612444
3.328316
-0.842817
-1.114382
-0.402465
-0.416190
-0.086985
0.980304
-1.055196
2.694051
0.700663
1.772161