3.901061
-0.495274
2.506838
-0.787597
3.424977
-0.902127
-0.408742
2.227923
-2.382539
0.072174
0.129140
-2.386863
0.693081
-1.264896
-1.796268
2.620134
-1.288859
-2.233821
-0.490446
1.367726
-1.699489
1.166351
-0.603203
0.145447
-1.997463
3.598650
2.935985
3.375870
-1.471637
-1.871802
1.974773
0.668756
-0.413949
-0.384697
0.275533
3.701437
-0.443445
0.882530
1.575280
0.592331
1.558296
-2.388132
-2.363028
-1.650088
2.648430
-0.145224
-2.545821
-2.025321
-1.947370
3.981091
3.114430
-0.975037
1.195179
0.011376
0.791839
3.941727
0.922193
-2.127469
0.529935
-2.327786
-0.853010
2.510346
3.073112
-1.703962
3.170537
3.954149
3.634175
3.602293
-0.916637
-0.323198
0.379336
1.135724
0.682904
3.462188
3.554688
-2.146658
1.992246
0.218930
3.692605
-1.923266
1.186406
-0.615195
-0.803849
-1.345866
-0.788211
1.026663
-0.699732
2.403294
3.857596
1.669428
1.771559
-0.150097
3.413630
3.117872
-2.748970
-0.969388
-1.325081
-2.866401
0.486294
-1.961962
2.894550
0.246696
-1.718736
2.064036
3.373398
-2.859521
3.818750
-0.418406
-2.262811
-2.916980
-1.367172
1.034142
-0.834040
-1.312546
3.125803
2.253922
0.992240
-2.626359
-1.214394
1.267460
2.710636
2.908448
-0.969073
-2.216929
1.993756
-0.682972
0.296364
2.735265
3.399811
1.784770
1.312286
2.446028
3.068064
3.625117
-0.800565
-0.914811
3.349480
1.680405
1.559385
3.893042
-0.051957
2.585181
-2.992905
-2.935912
0.084995
-1.716383
3.757082
-1.590938
-1.571484
0.680984
3.601883
-2.257174
-2.281907
-1.317636
-1.922619
-0.399898
-1.241269
-2.740617
0.866321
1.586967
0.716830
-1.895897
0.877595
3.491499
3.477011
3.313051
2.543468
-1.164331
-0.871696
-1.703488
-1.180119
3.228409
0.847677
0.734653
1.239096
-2.406693
-1.560601
-2.705057
-2.598114
0.623124
3.361208
1.455873
-2.382795
0.044023
3.257085
1.449232
-0.115772
-1.876173
3.765874
3.657743
0.058345
-0.753118
-1.888303
2.341706
0.706435
2.277288
-2.333097
-0.515329
-1.510494
1.889845
-2.014037
-2.882460
-2.492029
-2.779192
-2.157953
3.277310
-0.834270
-0.140372
2.796154
3.255172
-0.499054
2.755227
2.486732
-1.104169
3.054409
-1.938692
-0.273418
0.357829
0.765470
-2.518084
2.279981
-2.870514
0.660456
-1.369838
1.858816
3.469133
2.384178
3.626351
-2.394907
3.662618
-1.958764
1.826766
-1.072350
2.469609
-0.784348
0.956533
-0.050582
-2.370353
-2.944659
3.090212
0.726235
1.554749
3.424957
-0.983759
2.395289
3.965493
-2.233280
2.317933
2.006202
-2.631617
-1.367864
0.450760
0.736631
3.050897
-2.476108
3.739918
3.112082
-0.841874
0.767478
3.743568
-0.644620
2.157770
2.280168
2.279624
1.669500
-0.880662
1.654005
-1.073830
0.411427
3.910439
3.234865
1.519411
-1.576721
-0.909236
2.134452
-1.291267
3.187417
-0.756950
2.119219
1.135673
2.637197
2.854117
-0.753721
-1.062576
-2.289219
3.376824
-0.946048
-0.261728
-2.540386
1.624463
2.740983
3.522686
-1.612281
-2.268059
1.493627
0.948399
-2.042783
-2.237796
2.602841
-1.046259
2.145207
2.281190
0.287911
1.089676
-0.386933
-2.269337
-2.464777
-0.333589
-0.987763
3.400370
2.830620
-2.955505
0.799281
-1.146281
2.526427
-2.514873
-2.692706
3.297328
3.853510
-0.808280
3.787895
3.581826
2.455948
1.357740
-2.428390
3.884696
3.099500
-1.121339
-0.605814
3.753383
3.295680
-2.486489
2.869380
-1.533167
-0.769346
1.164044
-1.981742
3.815942
-0.339763
2.698125
1.942929
-0.368638
-2.771859
-1.917087
-1.504602
3.805263
0.148702
1.465454
-0.043160
3.368998
3.050900
-1.399673
2.244889
3.661650
3.096271
-0.705915
0.053198
-2.919732
3.061743
-1.911412
-0.724309
1.897308
-1.116180
-0.305875
-2.635968
-2.710818
3.922677
3.476978
2.063443
-1.249663
2.817565
2.368709
3.480277
1.942361
-2.192074
2.933379
2.995816
2.287546
-2.787790
2.061581
1.269513
2.099631
2.880437
2.752199
1.354404
3.496726
0.620665
1.194291
-2.071058
3.673968
0.918849
-1.288904
-2.319763
-1.403267
1.138592
-2.544113
1.559644
-2.294456
2.322016
-0.686240
-1.625941
3.540577
-0.276072
3.813406
3.004459
-0.207692
-2.794882
-0.641050
0.922549
-2.901045
-2.621810
-0.571488
1.090732
1.455525
1.783547
-2.635149
-1.539344
-2.710857
1.830076
-1.490950
-2.906585
0.554856
-1.933046
-0.419748
-2.750663
-0.975589
-1.614800
1.335947
2.299195
0.079367
-1.428946
-1.876869
1.452351
1.934249
1.276809
3.957996
0.421351
3.542301
-1.376081
0.169150
3.201771
-1.981820
0.177964
-1.140280
-2.297867
-0.918184
3.009887
1.646718
-2.071349
3.327252
-1.684755
2.167844
1.462150
-0.493814
-0.957328
1.483809
-2.568133
0.183614
2.123656
-1.795476
-2.099393
1.573995
-2.146396
0.346373
-0.659168
-2.765150
0.526223
-2.001060
0.468484
0.104339
0.241410
0.390365
2.315904
-1.965062
-1.693561
-0.317578
2.382780
3.954706
-1.849507
-0.709336
0.633883
-2.765020
3.666403
-1.712197
2.318787
-2.307047
-0.515434
3.392385
-0.626859
-0.147301
0.059443
1.047903
1.612538
1.380114
2.816474
3.478606
-2.839556
1.262866
1.995070
-0.535313
0.288639
2.548102
0.084541
-1.136696
3.288413
-1.874730
-2.436408
2.009448
2.150702
1.371255
2.185229
0.732954
3.119328
1.372605
2.756203
3.420184
3.025102
1.753119
-0.180701
3.191212
-2.580250
2.245724
1.506033
-2.048348
-1.265170
3.387866
1.417275
2.207524
3.520093
0.075817
1.655841
1.402912
-2.749971
1.632625
-1.420358
-1.693695
2.734142
-0.200487
-0.264920
3.919255
2.466372
-1.701184
2.203662
-0.758831
-1.416669
-2.138382
0.205110
1.717711
-0.562215
2.854137
3.940437
3.930933
0.816145
3.903656
0.953256
-2.771594
2.495355
1.150631
2.309716
-1.814844
0.908658
2.377956
2.715124
0.393396
2.475466
-0.755376
3.910833
0.305605
-1.960597
-1.137365
1.724723
-0.560843
-0.096425
-2.899195
-1.110479
2.152097
1.807158
-1.706169
-2.909410
-2.710453
1.391637
2.039477
-1.699728
-0.879106
-2.183206
1.495264
3.672211
3.880500
-0.734368
-0.477999
0.415594
2.478142
1.248380
-1.334694
3.374695
-2.668607
2.307353
-2.289067
3.337646
3.485074
0.237700
-2.098147
-2.863500
-1.140459
-1.578848
2.416564
2.612899
2.182326
3.841387
0.944932
-0.607740
2.473959
-0.060504
2.888813
3.655622
-1.338791
3.013520
3.154365
0.338961
-2.050920
-1.730630
-1.799489
2.659324
-1.079443
1.005187
-2.920836
2.307194
2.552445
2.822245
0.412125
2.972056
2.737128
2.925191
1.534625
1.809345
3.666099
0.587552
-0.686485
-2.500094
1.733003
3.645781
0.636743
2.739931
1.446752
2.829217
0.432512
-0.304187
-2.087468
3.352690
2.918893
1.555532
0.230122
-1.166522
-1.531982
0.183171
2.458978
-2.560867
1.287259
2.362290
-0.789330
1.019413
1.985088
3.578731
-1.124460
-2.964536
-1.619299
-1.956811
0.394295
-1.053169
3.622652
-0.786361
-1.734748
-2.746009
2.025740
0.805629
0.539817
-1.801961
1.507109
-2.679808
0.982350
3.096020
2.749707
0.662756
-2.237947
1.001031
-2.777167
-1.850882
1.818215
1.360672
-1.518277
-0.445106
3.830127
-0.788417
-0.017225
-1.206794
0.535983
-2.418963
2.725619
1.050847
0.545125
0.112217
1.882264
3.865028
3.276727
2.902480
-0.337345
-0.613292
-0.049132
-2.768728
2.913605
-2.837743
3.913105
2.538105
-0.492775
-0.864683
-0.020447
-2.226345
-2.516657
0.028064
-1.805435
0.955844
-2.758112
0.817097
3.802628
2.916039
2.946630
2.323517
1.312029
3.526205
1.921625
-1.175014
-1.008561
0.596906
2.405712
-0.435221
0.027703
-1.094698
2.409067
-0.350969
-2.927647
3.004933
2.352089
-1.022938
-1.805335
1.410334
0.743925
-0.814026
-0.789444
2.038363
2.115084
-1.709164
0.806460
-2.958264
2.306193
2.970977
-1.812639
1.453376
-0.820073
-1.544148
-0.074009
2.582314
-0.138096
0.743835
0.886355
0.909095
2.160017
-0.926016
1.281014
-2.763610
0.667352
-0.271396
3.480532
1.010414
-1.522064
2.014800
-2.975938
-2.032970
-0.901370
3.376906
1.430836
2.589176
3.634543
3.258403
3.937286
0.656293
0.226420
-2.202724
-1.943202
1.820333
-0.051669
0.766996
-1.600282
-2.187247
3.747924
-1.223130
-2.046946
2.366931
2.869695
-0.022486
3.967437
-0.106347
3.519874
0.664498
1.629120
1.961794
-2.989173
3.590457
1.488417
0.219166
0.626390
0.791857
2.709339
0.124503
-2.813409
-2.661147
2.156793
2.063686
-2.157408
-2.423306
-0.400970
-0.730613
0.512363
-2.971654
-2.326885
-1.657572
-2.142406
3.078137
-2.040834
-2.516207
-1.817192
3.706705
1.109601
0.059607
1.446083
-1.940847
1.230453
3.655867
1.452437
-1.892652
1.443830
-0.645991
3.204797
-1.140602
1.823436
0.008350
0.029221
3.987663
-1.471206
1.255754
2.384758
1.115971
-0.882785
1.343825
3.289248
1.785618
-1.260546
1.977434
0.520199
2.026556
-2.746548
-1.948721
2.191907
-2.547609
-0.777328
3.155220
1.677431
0.576889
0.768490
-2.591990
1.347030
0.264335
-1.174887
-1.114743
1.877047
-1.996826
-1.475462
3.882923
0.759260
1.997736
2.558725
-1.478861
1.298524
2.497334
1.579930
0.756718
-0.614862
-1.557050
-0.112056
-0.341301
1.437165
0.452945
2.683676
1.957307
2.013600
3.266611
0.661993
-0.531981
3.447266
-2.686155
0.945767
2.817529
1.417435
0.172962
-2.314162
-2.549571
3.608582
2.636542
-1.672680
-0.752822
1.032204
-0.150343
0.320091
-1.020329
3.213022
-2.807979
2.333972
0.383936
-1.610001
3.127944
2.704480
-2.815623
0.193829
1.691761
0.111351
-2.278676
3.439945
-0.039274
2.106705
-0.085821
-2.644704
1.922702
-2.064545
0.492134
1.601503
3.298470
-2.223415
2.663405
3.009944
0.362601
1.192314
3.681261
-2.269947
0.537896
-2.709575
0.283657
3.885928
2.292936
-0.318343
0.771534
0.638308
-2.049835
2.939858
3.134104
2.901085
1.061700
-2.082162
-2.682578
-0.579118
-0.832810
-0.281210
-0.269729
2.297439
0.587834
-0.319431
-1.950667
0.985837
2.181828
-2.535478
-0.835025
-2.789356
-2.006621
0.548545
2.516535
0.409778
0.760704
-0.337200
-1.599539
-1.541811
-0.807096
-1.643844
-1.867625
3.826129
0.145153
1.374348
-2.207747
-0.686324
2.823238
-0.256251
0.399547
1.096722
-2.597315
3.960400
1.236987
-0.628323
1.181863
2.142446
2.933992
-2.095538
1.413960
1.820354