-1.123356
1.716103
3.622092
1.736177
0.586485
-1.630448
2.825153
0.470562
-0.947650
3.168375
0.148540
1.851099
-0.840089
-0.843554
1.704311
-1.552194
3.394774
0.931466
-1.864142
-1.651915
2.497368
2.733922
2.965129
1.506662
1.491252
-0.680417
-1.008379
-2.649757
0.787284
-2.674853
-0.207105
-1.788780
1.744695
3.530939
-1.728844
3.250263
1.380161
-0.766800
3.392232
2.052042
-0.927818
2.241316
3.420022
0.651777
-1.718070
3.661222
-1.946603
2.264742
-1.963642
3.258647
1.170222
0.473260
-1.077756
-0.465426
-2.029036
2.026252
0.033183
0.429060
3.711357
3.491834
3.037440
-0.334306
1.927069
-0.133656
-2.349119
-1.184281
3.783159
-0.637369
1.684932
3.167315
-2.784003
-1.120086
-1.602094
-2.915209
-1.627322
-2.982663
1.382881
1.920729
-2.701200
3.031947
-1.035002
2.601833
1.088286
-0.924547
0.321428
2.360805
-2.912654
0.768585
2.193612
2.239843
0.343845
3.278654
2.107121
0.999733
3.825184
-0.395173
-0.444633
-1.261789
2.762946
3.818151